# x y
0.000000000000000000e+00 2.109434159508862816e+00
2.512562814070351883e-02 -5.514338714921644957e-01
5.025125628140703765e-02 3.058513879334344931e+00
7.537688442211055995e-02 3.468371198716362347e+00
1.005025125628140753e-01 -2.284634679519827571e+00
1.256281407035176045e-01 -9.561550081180052452e-01
1.507537688442211199e-01 1.935238422017954596e+00
1.758793969849246352e-01 1.079022477473745800e+00
2.010050251256281506e-01 1.710463175977058103e+00
2.261306532663316660e-01 7.115480878956170763e-02
2.512562814070352091e-01 3.569846912457486088e+00
2.763819095477387244e-01 3.401086264068879927e+00
3.015075376884422398e-01 2.012670584722466849e+00
3.266331658291457551e-01 4.170866232791279771e+00
3.517587939698492705e-01 2.887857669594427357e+00
3.768844221105527859e-01 2.714027083217540603e-01
4.020100502512563012e-01 2.765344526062975650e+00
4.271356783919598166e-01 1.486531978616139060e-01
4.522613065326633319e-01 3.862628260292475524e+00
4.773869346733668473e-01 2.045932869714614188e+00
5.025125628140704181e-01 1.816878999317401489e+00
5.276381909547739335e-01 8.663401684912144241e-01
5.527638190954774489e-01 4.715668732913039563e+00
5.778894472361809642e-01 2.004720209263351371e+00
6.030150753768844796e-01 1.501138305012519325e+00
6.281407035175879949e-01 1.698378912716823175e+00
6.532663316582915103e-01 3.512969665220092352e+00
6.783919597989950256e-01 3.225814149965995359e+00
7.035175879396985410e-01 3.367851957651079697e+00
7.286432160804020564e-01 3.452392293812551749e+00
7.537688442211055717e-01 6.923329057623637262e+00
7.788944723618090871e-01 1.877424907290686118e+00
8.040201005025126024e-01 1.716945916454538645e+00
8.291457286432161178e-01 1.166035876528681570e+00
8.542713567839196331e-01 4.078682179733121416e+00
8.793969849246231485e-01 5.158820836243790176e+00
9.045226130653266639e-01 2.728164396896771482e+00
9.296482412060301792e-01 1.331979161213262763e+00
9.547738693467336946e-01 1.420632197336713087e+00
9.798994974874372099e-01 4.429172777590823173e+00
1.005025125628140836e+00 4.673998913300893676e+00
1.030150753768844352e+00 4.334434402736770942e+00
1.055276381909547867e+00 1.978895205574777494e+00
1.080402010050251382e+00 3.837201421229154086e+00
1.105527638190954898e+00 3.670412308765541809e+00
1.130653266331658413e+00 3.939800344645273622e+00
1.155778894472361928e+00 5.311906931405718346e+00
1.180904522613065444e+00 4.084134120983197391e+00
1.206030150753768959e+00 5.063955331169352370e+00
1.231155778894472475e+00 3.911787627970349845e+00
1.256281407035175990e+00 4.426710708790782434e+00
1.281407035175879505e+00 5.184257436291971999e+00
1.306532663316583021e+00 1.081971066546490334e+00
1.331658291457286536e+00 3.432961135828627164e+00
1.356783919597990051e+00 3.209025259047523893e+00
1.381909547738693567e+00 2.950955516747922669e+00
1.407035175879397082e+00 3.758869035915712864e+00
1.432160804020100597e+00 7.381008731795892785e+00
1.457286432160804113e+00 2.742995804426267004e+00
1.482412060301507628e+00 6.496335690463896917e+00
1.507537688442211143e+00 1.280779630239694100e+00
1.532663316582914659e+00 4.065139355171053737e+00
1.557788944723618174e+00 5.150487225221204390e+00
1.582914572864321689e+00 6.089210861616208170e+00
1.608040201005025205e+00 6.432750480671150406e+00
1.633165829145728720e+00 6.692302146295459941e+00
1.658291457286432236e+00 4.505280964984851977e+00
1.683417085427135751e+00 4.376998526520009314e+00
1.708542713567839266e+00 7.118507591617241559e+00
1.733668341708542782e+00 5.122719426165565970e+00
1.758793969849246297e+00 3.058682701635560885e+00
1.783919597989949812e+00 3.450200408487713144e+00
1.809045226130653328e+00 3.986619866185373340e+00
1.834170854271356843e+00 6.930664260134800081e+00
1.859296482412060358e+00 6.334120663424122277e+00
1.884422110552763874e+00 7.545314505976708830e+00
1.909547738693467389e+00 5.427102163768075194e+00
1.934673366834170904e+00 6.718181191341268566e+00
1.959798994974874420e+00 7.774050078274220787e+00
1.984924623115577935e+00 6.028260061936465242e+00
2.010050251256281673e+00 7.686947901473633493e+00
2.035175879396985188e+00 5.578395165436546677e+00
2.060301507537688703e+00 6.307440068336023664e+00
2.085427135678392219e+00 6.403870406927425485e+00
2.110552763819095734e+00 4.912010570619958827e+00
2.135678391959799249e+00 8.416572141364653703e+00
2.160804020100502765e+00 6.645402807255330835e+00
2.185929648241206280e+00 7.753469300171436096e+00
2.211055276381909795e+00 8.836992456507363869e+00
2.236180904522613311e+00 8.918376276009265524e+00
2.261306532663316826e+00 9.508748837927180730e+00
2.286432160804020342e+00 8.136576471324019622e+00
2.311557788944723857e+00 7.645479005794096672e+00
2.336683417085427372e+00 8.494183062553583241e+00
2.361809045226130888e+00 5.443567502553293913e+00
2.386934673366834403e+00 6.091759801299875932e+00
2.412060301507537918e+00 6.511524956681861376e+00
2.437185929648241434e+00 7.336621724188122862e+00
2.462311557788944949e+00 1.030816865153237494e+01
2.487437185929648464e+00 7.878543561408991813e+00
2.512562814070351980e+00 9.117498927199891412e+00
2.537688442211055495e+00 1.266010933877500655e+01
2.562814070351759010e+00 9.540526554603831144e+00
2.587939698492462526e+00 1.192312840245193684e+01
2.613065326633166041e+00 8.779614952203816713e+00
2.638190954773869557e+00 1.043850910133229348e+01
2.663316582914573072e+00 9.155726793092121341e+00
2.688442211055276587e+00 1.058801750900420835e+01
2.713567839195980103e+00 1.316101345091083630e+01
2.738693467336683618e+00 8.244146708082697117e+00
2.763819095477387133e+00 1.279017963704911764e+01
2.788944723618090649e+00 1.262358179616516729e+01
2.814070351758794164e+00 1.119090290009892286e+01
2.839195979899497679e+00 9.722575365510913059e+00
2.864321608040201195e+00 1.299891802077051395e+01
2.889447236180904710e+00 1.204020640278419485e+01
2.914572864321608225e+00 1.381372878101850432e+01
2.939698492462311741e+00 1.364600539779276644e+01
2.964824120603015256e+00 1.706461402139609618e+01
2.989949748743718771e+00 1.364602238726282479e+01
3.015075376884422287e+00 1.234643196771390627e+01
3.040201005025125802e+00 1.502578285798590763e+01
3.065326633165829318e+00 1.538623814768091158e+01
3.090452261306532833e+00 1.794894076024991847e+01
3.115577889447236348e+00 1.719051753663942961e+01
3.140703517587939864e+00 1.652927809047982421e+01
3.165829145728643379e+00 1.904299901885410407e+01
3.190954773869346894e+00 1.404544756784786408e+01
3.216080402010050410e+00 1.545588309828446505e+01
3.241206030150753925e+00 1.520058975789097566e+01
3.266331658291457440e+00 1.659853355379791040e+01
3.291457286432160956e+00 1.495536363034790561e+01
3.316582914572864471e+00 1.931590922534144639e+01
3.341708542713567986e+00 1.794444161281745309e+01
3.366834170854271502e+00 1.579708426618513073e+01
3.391959798994975017e+00 1.706400293661020129e+01
3.417085427135678533e+00 2.008543401928311312e+01
3.442211055276382048e+00 2.150481466094420568e+01
3.467336683417085563e+00 2.419921993245681335e+01
3.492462311557789079e+00 2.641785507639684027e+01
3.517587939698492594e+00 2.181063287396358419e+01
3.542713567839196109e+00 1.940187259098226846e+01
3.567839195979899625e+00 1.752358379265652388e+01
3.592964824120603140e+00 2.273756393643523310e+01
3.618090452261306655e+00 2.099860779600105332e+01
3.643216080402010171e+00 2.222415874091336718e+01
3.668341708542713686e+00 2.226925007321400329e+01
3.693467336683417201e+00 2.365877518698059845e+01
3.718592964824120717e+00 2.652773229397901034e+01
3.743718592964824232e+00 2.517394714872868278e+01
3.768844221105527748e+00 2.501548663124457406e+01
3.793969849246231263e+00 2.374335113740559677e+01
3.819095477386934778e+00 2.295636226846927386e+01
3.844221105527638294e+00 2.583352341787550444e+01
3.869346733668341809e+00 2.720850447942192218e+01
3.894472361809045324e+00 3.137156010415195340e+01
3.919597989949748840e+00 2.862576489551560499e+01
3.944723618090452355e+00 3.087028336885519408e+01
3.969849246231155870e+00 2.845606617869555066e+01
3.994974874371859386e+00 2.764508266778606682e+01
4.020100502512563345e+00 2.865570827247136165e+01
4.045226130653266416e+00 2.971732279633003415e+01
4.070351758793970376e+00 3.601761566866147035e+01
4.095477386934673447e+00 3.072208282189881601e+01
4.120603015075377407e+00 3.465750781602318398e+01
4.145728643216080478e+00 3.180206016713349726e+01
4.170854271356784437e+00 3.611038034434363908e+01
4.195979899497487509e+00 3.566861775878756191e+01
4.221105527638191468e+00 3.524931460290478213e+01
4.246231155778894539e+00 3.615756873319594433e+01
4.271356783919598499e+00 3.561889083407508139e+01
4.296482412060301570e+00 3.852309692620242743e+01
4.321608040201005529e+00 3.743683518324498749e+01
4.346733668341708601e+00 3.662505776852927397e+01
4.371859296482412560e+00 3.726373787586795316e+01
4.396984924623115631e+00 4.092227313734100846e+01
4.422110552763819591e+00 4.450717363521707171e+01
4.447236180904522662e+00 4.245555182436333297e+01
4.472361809045226622e+00 4.269983239973740297e+01
4.497487437185929693e+00 4.432554940500421026e+01
4.522613065326633652e+00 4.719822635599783922e+01
4.547738693467336724e+00 4.587314686654530504e+01
4.572864321608040683e+00 4.547682083196261971e+01
4.597989949748743754e+00 4.939198750585611464e+01
4.623115577889447714e+00 4.893441187935163583e+01
4.648241206030150785e+00 5.206297273963414796e+01
4.673366834170854744e+00 5.028988899458077810e+01
4.698492462311557816e+00 4.842416998538690365e+01
4.723618090452261775e+00 4.910454339182102501e+01
4.748743718592964846e+00 5.612888087309442398e+01
4.773869346733668806e+00 5.727927934687958356e+01
4.798994974874371877e+00 5.449694891716307410e+01
4.824120603015075837e+00 5.513313233355277276e+01
4.849246231155778908e+00 5.988576595574611616e+01
4.874371859296482867e+00 5.583238478491893630e+01
4.899497487437185939e+00 5.736123407351790604e+01
4.924623115577889898e+00 6.156255897033781821e+01
4.949748743718592969e+00 6.063331729360754707e+01
4.974874371859296929e+00 6.258071803602177141e+01
5.000000000000000000e+00 6.345473720304514842e+01
