# x	y
0.000000000000000000e+00 2.000660909819137245e+00
1.282282715750935886e-01 2.429798658144580514e+00
2.564565431501871773e-01 2.578258754752618565e+00
3.846848147252807659e-01 3.021608648274880515e+00
5.129130863003743546e-01 3.434804095919254507e+00
6.411413578754678877e-01 3.438886433243096175e+00
7.693696294505615318e-01 3.480250689394357888e+00
8.975979010256551760e-01 3.570190528516842043e+00
1.025826172600748709e+00 3.589609027835024335e+00
1.154054444175842242e+00 3.460348310454774090e+00
1.282282715750935775e+00 3.587209258467614958e+00
1.410510987326029531e+00 3.135150830748144379e+00
1.538739258901123064e+00 3.124412743345711618e+00
1.666967530476216597e+00 2.752459543137391496e+00
1.795195802051310352e+00 2.424315149968443439e+00
1.923424073626403885e+00 2.217483794078541237e+00
2.051652345201497418e+00 1.614765336015520969e+00
2.179880616776590951e+00 1.359054973819102896e+00
2.308108888351684485e+00 1.000346231206387104e+00
2.436337159926778018e+00 2.076531695470394956e-01
2.564565431501871551e+00 3.831170633921984758e-02
2.692793703076965528e+00 -6.412918567911708445e-01
2.821021974652059061e+00 -8.891179722197950497e-01
2.949250246227152594e+00 -1.413472000285480368e+00
3.077478517802246127e+00 -1.763614665623908895e+00
3.205706789377339661e+00 -2.145199011902453101e+00
3.333935060952433194e+00 -2.497448821954471931e+00
3.462163332527526727e+00 -2.605416632451781123e+00
3.590391604102620704e+00 -3.184417630772185870e+00
3.718619875677714237e+00 -3.377397734013162456e+00
3.846848147252807770e+00 -3.350662027981587077e+00
3.975076418827901303e+00 -3.449925074252119916e+00
4.103304690402994837e+00 -3.614599695107998834e+00
4.231532961978088814e+00 -3.543883020717777832e+00
4.359761233553181903e+00 -3.584917894390343029e+00
4.487989505128275880e+00 -3.281778935021941290e+00
4.616217776703368969e+00 -3.153769409635723164e+00
4.744446048278462946e+00 -2.908034921130256745e+00
4.872674319853556035e+00 -2.835573904268743117e+00
5.000902591428650013e+00 -2.293134332856245017e+00
5.129130863003743102e+00 -1.938311693981737305e+00
5.257359134578837079e+00 -1.552027741925946058e+00
5.385587406153931056e+00 -1.160576519546864027e+00
5.513815677729024145e+00 -6.401892297808903232e-01
5.642043949304118122e+00 -6.269420345793610960e-02
5.770272220879211211e+00 1.474359471248272158e-01
5.898500492454305189e+00 7.071292544008151992e-01
6.026728764029398278e+00 1.186249217171404968e+00
6.154957035604492255e+00 1.510700286778403623e+00
6.283185307179586232e+00 2.028995127540612398e+00
