# x	y	y_err
0.000000000000000000e+00 -1.939056584049113630e+00 7.563251080787794511e-02
9.519977738150887936e-02 -2.212524898675014118e+00 2.598456595572131156e-01
1.903995547630177587e-01 -1.867981063576001910e+00 7.125279421228518373e-02
2.855993321445266520e-01 -1.852394083107259615e+00 1.475031136934173148e-01
3.807991095260355174e-01 -2.461839104714694582e+00 1.867235360019754153e-01
4.759988869075443829e-01 -2.371600452717540275e+00 4.108751157352600464e-02
5.711986642890533039e-01 -2.133178386535361959e+00 1.900044109821162619e-01
6.663984416705621694e-01 -2.277195423725928869e+00 6.780661518011249500e-02
7.615982190520710349e-01 -2.279626193395787759e+00 1.680616274914791264e-01
8.567979964335799004e-01 -2.515748051569430821e+00 3.454640846384697817e-01
9.519977738150887658e-01 -2.244063495456236179e+00 8.688472870917146595e-02
1.047197551196597631e+00 -2.344441612914210271e+00 4.754712046645558077e-02
1.142397328578106608e+00 -2.571378847485870089e+00 1.188299911393588815e-01
1.237597105959615362e+00 -2.447483795288971642e+00 2.892115708776909488e-01
1.332796883341124339e+00 -2.670739196040163410e+00 1.442590154277390360e-02
1.427996660722633093e+00 -3.029543654303362477e+00 1.058985418127604827e-01
1.523196438104142070e+00 -2.878667927359757961e+00 4.653524227094079507e-02
1.618396215485651046e+00 -3.239358435989541984e+00 4.370429104688575844e-03
1.713595992867159801e+00 -2.966624778011830443e+00 3.203557782641830998e-01
1.808795770248668777e+00 -3.245744117706677478e+00 4.787112549460485755e-02
1.903995547630177532e+00 -3.364040436026473291e+00 2.046994985243729970e-01
1.999195325011686508e+00 -3.551600921882674289e+00 3.585512699126323227e-02
2.094395102393195263e+00 -3.255491732265193949e+00 4.399933679435303474e-02
2.189594879774704239e+00 -3.610962805984958113e+00 2.718375150480873415e-01
2.284794657156213216e+00 -3.740526298377906844e+00 1.670222491829157219e-01
2.379994434537722192e+00 -3.794160748202715983e+00 7.137421182990187629e-02
2.475194211919230725e+00 -3.679591257632117696e+00 2.926605782439123948e-01
2.570393989300739701e+00 -3.768164719958365438e+00 2.377526108645701963e-01
2.665593766682248678e+00 -3.806288926335725797e+00 1.279503065499495440e-01
2.760793544063757654e+00 -3.842203732414496198e+00 1.853151882811049922e-01
2.855993321445266186e+00 -3.531163453440405053e+00 7.796196063115359842e-02
2.951193098826775163e+00 -4.063211700539629767e+00 2.753372295112617718e-01
3.046392876208284139e+00 -4.097920468387392212e+00 1.270301893628808798e-01
3.141592653589793116e+00 -4.162754545649575810e+00 4.444453941975468059e-02
3.236792430971302093e+00 -3.872276038057985481e+00 2.941612589005315748e-01
3.331992208352810625e+00 -3.756134238718528806e+00 2.031158162415083179e-01
3.427191985734319601e+00 -3.982282465145472461e+00 6.270276949003905642e-02
3.522391763115828578e+00 -4.096399228408578175e+00 1.676253135788762227e-01
3.617591540497337554e+00 -4.053731691793171166e+00 3.993461783383573382e-01
3.712791317878846087e+00 -3.711134975266241032e+00 5.827724932014659576e-01
3.807991095260355063e+00 -3.637402260502099249e+00 8.288188665519928555e-02
3.903190872641864040e+00 -3.615103184444031559e+00 1.979076240063728509e-01
3.998390650023373016e+00 -3.787962675403024004e+00 4.264092561462618503e-01
4.093590427404881993e+00 -3.533624644957854333e+00 5.354229246876716225e-02
4.188790204786390525e+00 -3.476662838171854730e+00 1.625882190620652201e-01
4.283989982167899946e+00 -3.371677293656083929e+00 8.307145203593707672e-02
4.379189759549408478e+00 -3.152782207727783614e+00 1.224193598119616144e-01
4.474389536930917011e+00 -3.191039825754491410e+00 2.815817728327705410e-02
4.569589314312426431e+00 -3.006532125658906374e+00 2.131960461575287402e-01
4.664789091693934964e+00 -3.034066101925964265e+00 3.140971348906892308e-02
4.759988869075444384e+00 -2.894594204438261098e+00 3.172696740773766483e-02
4.855188646456952917e+00 -2.731427516559007174e+00 2.071307505651623360e-01
4.950388423838461449e+00 -3.055672228461706830e+00 3.349365889408714159e-01
5.045588201219970870e+00 -2.736866279954039083e+00 9.726158181466618147e-02
5.140787978601479402e+00 -2.678659517856672778e+00 1.075651016366410001e-02
5.235987755982987935e+00 -2.627775569648669318e+00 3.535859827159766322e-01
5.331187533364497355e+00 -2.474971540674138826e+00 2.605490429457717194e-02
5.426387310746005888e+00 -2.046151003807836322e+00 1.965479022046115187e-01
5.521587088127515308e+00 -2.449432185033578513e+00 9.985911970783041547e-02
5.616786865509023841e+00 -2.020291234338916553e+00 2.369887532834049348e-01
5.711986642890532373e+00 -2.495320421491979967e+00 1.930233524464743944e-01
5.807186420272041794e+00 -2.178141557342231582e+00 1.450452129071506391e-01
5.902386197653550326e+00 -2.039081453962926727e+00 4.256939464870329037e-01
5.997585975035059747e+00 -1.923262560113646824e+00 1.642773358448772481e-01
6.092785752416568279e+00 -1.875825986778722365e+00 1.676978407472690114e-01
6.187985529798076811e+00 -1.845858630386930654e+00 1.805854356174052822e-01
6.283185307179586232e+00 -2.069745014449687392e+00 1.863146025748488310e-01
6.378385084561094764e+00 -2.096998435959828821e+00 7.699019322117263420e-02
6.473584861942604185e+00 -1.846476126485862679e+00 3.132757953161808412e-02
6.568784639324112717e+00 -2.078767891361825715e+00 8.152505227086805084e-03
6.663984416705621250e+00 -2.326769331651511230e+00 1.309575390858780941e-01
6.759184194087130670e+00 -2.337821994145772297e+00 8.921444029641611984e-02
6.854383971468639203e+00 -2.342636924369140949e+00 9.099669606815601053e-02
6.949583748850148623e+00 -2.114514756446459476e+00 2.451211527534496448e-01
7.044783526231657156e+00 -2.247780814680816253e+00 2.555875148639238925e-01
7.139983303613165688e+00 -2.207042195241160520e+00 3.451758354442389931e-02
7.235183080994675109e+00 -2.505393619696108409e+00 3.158182512820870147e-01
7.330382858376183641e+00 -2.468292061784656877e+00 3.199832271468765199e-02
7.425582635757692174e+00 -2.459466908204645197e+00 2.372766522197651551e-02
7.520782413139201594e+00 -2.734801344626625941e+00 5.716522792050857810e-02
7.615982190520710127e+00 -2.672886016979089785e+00 2.612003483413649629e-01
7.711181967902219547e+00 -2.990070349940045169e+00 4.387650027277126968e-02
7.806381745283728080e+00 -3.025028853489271530e+00 8.218544616674744452e-02
7.901581522665236612e+00 -3.123929494623407077e+00 2.212577420119777871e-01
7.996781300046746033e+00 -3.381482767391092992e+00 8.575128769232270853e-02
8.091981077428254565e+00 -3.138364439352310242e+00 3.071511983991984107e-01
8.187180854809763986e+00 -3.420948431357966335e+00 3.664688744438122925e-02
8.282380632191271630e+00 -3.412916189256347543e+00 2.448938063441000734e-01
8.377580409572781051e+00 -3.403850668218817432e+00 2.736318398491330295e-01
8.472780186954290471e+00 -3.490750674365208805e+00 3.301855864462499568e-01
8.567979964335799892e+00 -3.521783712150727830e+00 3.447331441566594545e-01
8.663179741717307536e+00 -3.743431135006954236e+00 3.590384265652012824e-02
8.758379519098816957e+00 -3.870712757151618000e+00 7.663746422719755480e-02
8.853579296480326377e+00 -3.857197175012460733e+00 2.922888584484404362e-01
8.948779073861834021e+00 -4.226302335446528780e+00 2.214091364086976099e-01
9.043978851243343442e+00 -4.217790427500689887e+00 1.789454037911653028e-01
9.139178628624852863e+00 -4.224032896085377686e+00 1.286653589378088935e-01
9.234378406006360507e+00 -4.181378062783002392e+00 7.892102457191792209e-02
9.329578183387869927e+00 -3.915517077228396925e+00 1.024373344014259217e-03
9.424777960769379348e+00 -4.181095811072012225e+00 3.268857970490251369e-02
