# t / s            A / V
0.000008800000      -8.40000
0.000008900000      -8.56000
0.000009000000      -8.64000
0.000009100000      -8.80000
0.000009200000      -9.20000
0.000009300000      -9.36000
0.000009400000      -9.52000
0.000009500000      -9.68000
0.000009600000     -10.00000
0.000009700000     -10.16000
0.000009800000     -10.32000
0.000009900000     -10.40000
0.000010000000     -10.72000
0.000010100000     -10.80000
0.000010200000     -10.96000
0.000010300000     -11.04000
0.000010400000     -11.28000
0.000010500000     -11.52000
0.000010600000     -11.60000
0.000010700000     -11.76000
0.000010800000     -11.92000
0.000010900000     -12.08000
0.000011000000     -12.32000
0.000011100000     -12.40000
0.000011200000     -12.40000
0.000011300000     -12.64000
0.000011400000     -12.72000
0.000011500000     -12.80000
0.000011600000     -12.88000
0.000011700000     -13.04000
0.000011800000     -13.12000
0.000011900000     -13.20000
0.000012000000     -13.28000
0.000012100000     -13.36000
0.000012200000     -13.44000
0.000012300000     -13.44000
0.000012400000     -13.60000
0.000012500000     -13.76000
0.000012600000     -13.92000
0.000012700000     -13.84000
0.000012800000     -13.92000
0.000012900000     -14.00000
0.000013000000     -14.00000
0.000013100000     -14.00000
0.000013200000     -14.08000
0.000013300000     -14.16000
0.000013400000     -14.16000
0.000013500000     -14.24000
0.000013600000     -14.16000
0.000013700000     -14.16000
0.000013800000     -14.24000
0.000013900000     -14.40000
0.000014000000     -14.24000
0.000014100000     -14.40000
0.000014200000     -14.40000
0.000014300000     -14.32000
0.000014400000     -14.32000
0.000014500000     -14.16000
0.000014600000     -14.16000
0.000014700000     -14.08000
0.000014800000     -14.00000
0.000014900000     -13.92000
0.000015000000     -13.92000
0.000015100000     -14.00000
0.000015200000     -13.92000
0.000015300000     -13.76000
0.000015400000     -13.60000
0.000015500000     -13.60000
0.000015600000     -13.52000
0.000015700000     -13.36000
0.000015800000     -13.44000
0.000015900000     -13.28000
0.000016000000     -13.28000
0.000016100000     -13.12000
0.000016200000     -13.04000
0.000016300000     -12.88000
0.000016400000     -12.80000
0.000016500000     -12.72000
0.000016600000     -12.56000
0.000016700000     -12.40000
0.000016800000     -12.40000
0.000016900000     -12.24000
0.000017000000     -12.08000
0.000017100000     -11.92000
0.000017200000     -11.76000
0.000017300000     -11.68000
0.000017400000     -11.60000
0.000017500000     -11.52000
0.000017600000     -11.20000
0.000017700000     -11.12000
0.000017800000     -10.96000
0.000017900000     -10.88000
0.000018000000     -10.72000
0.000018100000     -10.48000
0.000018200000     -10.32000
0.000018300000     -10.16000
0.000018400000     -10.08000
0.000018500000      -9.84000
0.000018600000      -9.68000
0.000018700000      -9.52000
0.000018800000      -9.36000
0.000018900000      -9.12000
0.000019000000      -9.04000
0.000019100000      -8.96000
0.000019200000      -8.72000
0.000019300000      -8.48000
0.000019400000      -8.24000
0.000019500000      -7.92000
0.000019600000      -7.76000
0.000019700000      -7.60000
0.000019800000      -7.52000
0.000019900000      -7.28000
0.000020000000      -7.04000
0.000020100000      -6.88000
0.000020200000      -6.64000
0.000020300000      -6.48000
0.000020400000      -6.24000
0.000020500000      -6.08000
0.000020600000      -5.84000
0.000020700000      -5.68000
0.000020800000      -5.44000
0.000020900000      -5.28000
0.000021000000      -5.12000
0.000021100000      -5.04000
0.000021200000      -4.72000
0.000021300000      -4.48000
0.000021400000      -4.40000
0.000021500000      -4.16000
0.000021600000      -4.00000
0.000021700000      -3.84000
0.000021800000      -3.60000
0.000021900000      -3.52000
0.000022000000      -3.20000
0.000022100000      -3.12000
0.000022200000      -2.96000
0.000022300000      -2.64000
0.000022400000      -2.48000
0.000022500000      -2.32000
0.000022600000      -2.16000
0.000022700000      -2.00000
0.000022800000      -1.84000
0.000022900000      -1.60000
0.000023000000      -1.60000
0.000023100000      -1.28000
0.000023200000      -1.04000
0.000023300000      -0.96000
0.000023400000      -0.80000
0.000023500000      -0.72000
0.000023600000      -0.48000
0.000023700000      -0.32000
0.000023800000      -0.24000
0.000023900000      -0.16000
0.000024000000       0.16000
0.000024100000       0.16000
0.000024200000       0.24000
0.000024300000       0.40000
0.000024400000       0.56000
0.000024500000       0.72000
0.000024600000       0.80000
0.000024700000       0.80000
0.000024800000       0.96000
0.000024900000       1.04000
0.000025000000       1.20000
0.000025100000       1.20000
0.000025200000       1.36000
0.000025300000       1.44000
0.000025400000       1.44000
0.000025500000       1.60000
0.000025600000       1.68000
0.000025700000       1.68000
0.000025800000       1.76000
0.000025900000       1.84000
0.000026000000       1.92000
0.000026100000       1.92000
0.000026200000       2.00000
0.000026300000       2.00000
0.000026400000       2.08000
0.000026500000       2.16000
0.000026600000       2.24000
0.000026700000       2.24000
0.000026800000       2.24000
0.000026900000       2.24000
0.000027000000       2.24000
0.000027100000       2.24000
0.000027200000       2.32000
0.000027300000       2.32000
0.000027400000       2.24000
0.000027500000       2.32000
0.000027600000       2.32000
0.000027700000       2.16000
0.000027800000       2.32000
0.000027900000       2.24000
0.000028000000       2.16000
0.000028100000       2.16000
0.000028200000       2.00000
0.000028300000       2.00000
0.000028400000       1.92000
0.000028500000       2.00000
0.000028600000       1.84000
0.000028700000       1.84000
0.000028800000       1.84000
0.000028900000       1.68000
0.000029000000       1.68000
0.000029100000       1.60000
0.000029200000       1.52000
0.000029300000       1.44000
0.000029400000       1.36000
0.000029500000       1.28000
0.000029600000       1.12000
0.000029700000       1.04000
0.000029800000       0.88000
0.000029900000       0.88000
0.000030000000       0.72000
0.000030100000       0.56000
0.000030200000       0.56000
0.000030300000       0.48000
0.000030400000       0.32000
0.000030500000       0.16000
0.000030600000       0.08000
0.000030700000      -0.08000
0.000030800000      -0.08000
0.000030900000      -0.24000
0.000031000000      -0.40000
0.000031100000      -0.48000
0.000031200000      -0.72000
0.000031300000      -0.80000
0.000031400000      -1.04000
0.000031500000      -1.12000
0.000031600000      -1.20000
0.000031700000      -1.28000
0.000031800000      -1.52000
0.000031900000      -1.76000
0.000032000000      -1.84000
0.000032100000      -2.00000
0.000032200000      -2.08000
0.000032300000      -2.24000
0.000032400000      -2.40000
0.000032500000      -2.64000
0.000032600000      -2.80000
0.000032700000      -2.88000
0.000032800000      -3.12000
0.000032900000      -3.20000
0.000033000000      -3.44000
0.000033100000      -3.52000
0.000033200000      -3.68000
0.000033300000      -3.84000
0.000033400000      -4.08000
0.000033500000      -4.16000
0.000033600000      -4.40000
0.000033700000      -4.56000
0.000033800000      -4.64000
0.000033900000      -4.88000
0.000034000000      -5.04000
0.000034100000      -5.28000
0.000034200000      -5.36000
0.000034300000      -5.52000
0.000034400000      -5.76000
0.000034500000      -5.92000
0.000034600000      -6.00000
0.000034700000      -6.24000
0.000034800000      -6.40000
0.000034900000      -6.64000
0.000035000000      -6.64000
0.000035100000      -6.80000
0.000035200000      -6.96000
0.000035300000      -7.20000
0.000035400000      -7.36000
0.000035500000      -7.44000
0.000035600000      -7.68000
0.000035700000      -7.84000
0.000035800000      -7.92000
0.000035900000      -8.16000
0.000036000000      -8.24000
0.000036100000      -8.32000
0.000036200000      -8.56000
0.000036300000      -8.64000
0.000036400000      -8.72000
0.000036500000      -8.80000
0.000036600000      -9.04000
0.000036700000      -9.20000
0.000036800000      -9.36000
0.000036900000      -9.36000
0.000037000000      -9.60000
0.000037100000      -9.68000
0.000037200000      -9.76000
0.000037300000      -9.92000
0.000037400000     -10.08000
0.000037500000     -10.16000
0.000037600000     -10.32000
0.000037700000     -10.48000
0.000037800000     -10.40000
0.000037900000     -10.64000
0.000038000000     -10.72000
0.000038100000     -10.88000
0.000038200000     -10.96000
0.000038300000     -10.96000
0.000038400000     -10.96000
0.000038500000     -11.12000
0.000038600000     -11.20000
0.000038700000     -11.28000
0.000038800000     -11.28000
0.000038900000     -11.44000
0.000039000000     -11.60000
0.000039100000     -11.60000
0.000039200000     -11.52000
0.000039300000     -11.60000
0.000039400000     -11.60000
0.000039500000     -11.68000
0.000039600000     -11.52000
0.000039700000     -11.68000
0.000039800000     -11.76000
0.000039900000     -11.76000
0.000040000000     -11.76000
0.000040100000     -11.68000
0.000040200000     -11.84000
0.000040300000     -11.76000
0.000040400000     -11.84000
0.000040500000     -11.84000
0.000040600000     -11.92000
0.000040700000     -11.92000
0.000040800000     -11.84000
0.000040900000     -11.84000
0.000041000000     -11.76000
0.000041100000     -11.76000
0.000041200000     -11.76000
0.000041300000     -11.84000
0.000041400000     -11.84000
0.000041500000     -11.84000
0.000041600000     -11.68000
0.000041700000     -11.68000
0.000041800000     -11.68000
0.000041900000     -11.52000
0.000042000000     -11.60000
0.000042100000     -11.44000
0.000042200000     -11.52000
0.000042300000     -11.44000
0.000042400000     -11.44000
0.000042500000     -11.28000
0.000042600000     -11.28000
0.000042700000     -11.04000
0.000042800000     -11.12000
0.000042900000     -11.12000
0.000043000000     -10.96000
0.000043100000     -10.88000
0.000043200000     -10.80000
0.000043300000     -10.72000
0.000043400000     -10.56000
0.000043500000     -10.64000
0.000043600000     -10.48000
0.000043700000     -10.32000
0.000043800000     -10.40000
0.000043900000     -10.32000
0.000044000000     -10.16000
0.000044100000     -10.08000
0.000044200000      -9.76000
0.000044300000      -9.68000
0.000044400000      -9.60000
0.000044500000      -9.44000
0.000044600000      -9.36000
0.000044700000      -9.28000
0.000044800000      -9.20000
0.000044900000      -9.04000
0.000045000000      -8.96000
0.000045100000      -8.80000
0.000045200000      -8.56000
0.000045300000      -8.56000
0.000045400000      -8.40000
0.000045500000      -8.40000
0.000045600000      -8.16000
0.000045700000      -8.08000
0.000045800000      -8.00000
0.000045900000      -7.76000
0.000046000000      -7.60000
0.000046100000      -7.52000
0.000046200000      -7.44000
0.000046300000      -7.28000
0.000046400000      -7.12000
0.000046500000      -7.04000
0.000046600000      -6.88000
0.000046700000      -6.64000
0.000046800000      -6.56000
0.000046900000      -6.56000
0.000047000000      -6.24000
0.000047100000      -6.16000
0.000047200000      -6.00000
0.000047300000      -5.84000
0.000047400000      -5.60000
0.000047500000      -5.60000
0.000047600000      -5.44000
0.000047700000      -5.20000
0.000047800000      -5.20000
0.000047900000      -4.96000
0.000048000000      -4.88000
0.000048100000      -4.72000
0.000048200000      -4.56000
0.000048300000      -4.40000
0.000048400000      -4.24000
0.000048500000      -4.16000
0.000048600000      -3.92000
0.000048700000      -3.92000
0.000048800000      -3.76000
0.000048900000      -3.60000
0.000049000000      -3.52000
0.000049100000      -3.36000
0.000049200000      -3.20000
0.000049300000      -3.04000
0.000049400000      -2.96000
0.000049500000      -2.80000
0.000049600000      -2.80000
0.000049700000      -2.72000
0.000049800000      -2.56000
0.000049900000      -2.48000
0.000050000000      -2.24000
0.000050100000      -2.16000
0.000050200000      -2.00000
0.000050300000      -2.00000
0.000050400000      -1.84000
0.000050500000      -1.76000
0.000050600000      -1.60000
0.000050700000      -1.52000
0.000050800000      -1.44000
0.000050900000      -1.28000
0.000051000000      -1.28000
0.000051100000      -1.20000
0.000051200000      -1.12000
0.000051300000      -1.12000
0.000051400000      -0.96000
0.000051500000      -0.80000
0.000051600000      -0.80000
0.000051700000      -0.72000
0.000051800000      -0.64000
0.000051900000      -0.56000
0.000052000000      -0.48000
0.000052100000      -0.56000
0.000052200000      -0.40000
0.000052300000      -0.32000
0.000052400000      -0.24000
0.000052500000      -0.16000
0.000052600000      -0.16000
0.000052700000      -0.08000
0.000052800000      -0.08000
0.000052900000      -0.08000
0.000053000000       0.00000
0.000053100000      -0.08000
0.000053200000       0.00000
0.000053300000       0.08000
0.000053400000       0.08000
0.000053500000       0.00000
0.000053600000       0.08000
0.000053700000       0.16000
0.000053800000       0.24000
0.000053900000       0.16000
0.000054000000       0.16000
0.000054100000       0.16000
0.000054200000       0.16000
0.000054300000       0.08000
0.000054400000       0.08000
0.000054500000       0.16000
0.000054600000       0.00000
0.000054700000       0.08000
0.000054800000       0.00000
0.000054900000       0.08000
0.000055000000       0.00000
0.000055100000       0.00000
0.000055200000      -0.08000
0.000055300000      -0.08000
0.000055400000      -0.16000
0.000055500000      -0.16000
0.000055600000      -0.16000
0.000055700000      -0.32000
0.000055800000      -0.32000
0.000055900000      -0.40000
0.000056000000      -0.40000
0.000056100000      -0.48000
0.000056200000      -0.56000
0.000056300000      -0.56000
0.000056400000      -0.72000
0.000056500000      -0.72000
0.000056600000      -0.88000
0.000056700000      -0.96000
0.000056800000      -0.96000
0.000056900000      -1.04000
0.000057000000      -1.12000
0.000057100000      -1.20000
0.000057200000      -1.36000
0.000057300000      -1.20000
0.000057400000      -1.44000
0.000057500000      -1.52000
0.000057600000      -1.52000
0.000057700000      -1.84000
0.000057800000      -1.76000
0.000057900000      -1.92000
0.000058000000      -2.00000
0.000058100000      -2.16000
0.000058200000      -2.16000
0.000058300000      -2.32000
0.000058400000      -2.48000
0.000058500000      -2.48000
0.000058600000      -2.64000
0.000058700000      -2.72000
0.000058800000      -2.88000
0.000058900000      -2.96000
0.000059000000      -3.04000
0.000059100000      -3.12000
0.000059200000      -3.28000
0.000059300000      -3.44000
0.000059400000      -3.52000
0.000059500000      -3.76000
0.000059600000      -3.84000
0.000059700000      -3.84000
0.000059800000      -4.08000
0.000059900000      -4.16000
0.000060000000      -4.24000
0.000060100000      -4.40000
0.000060200000      -4.48000
0.000060300000      -4.64000
0.000060400000      -4.80000
0.000060500000      -4.88000
0.000060600000      -5.04000
0.000060700000      -5.12000
0.000060800000      -5.28000
0.000060900000      -5.36000
0.000061000000      -5.52000
0.000061100000      -5.60000
0.000061200000      -5.76000
0.000061300000      -5.92000
0.000061400000      -6.00000
0.000061500000      -6.08000
0.000061600000      -6.24000
0.000061700000      -6.40000
0.000061800000      -6.48000
0.000061900000      -6.56000
0.000062000000      -6.72000
0.000062100000      -6.88000
0.000062200000      -6.96000
0.000062300000      -7.04000
0.000062400000      -7.04000
0.000062500000      -7.28000
0.000062600000      -7.36000
0.000062700000      -7.52000
0.000062800000      -7.52000
0.000062900000      -7.68000
0.000063000000      -7.76000
0.000063100000      -7.84000
0.000063200000      -7.84000
0.000063300000      -8.08000
0.000063400000      -8.16000
0.000063500000      -8.24000
0.000063600000      -8.40000
0.000063700000      -8.40000
0.000063800000      -8.64000
0.000063900000      -8.64000
0.000064000000      -8.80000
0.000064100000      -8.80000
0.000064200000      -8.80000
0.000064300000      -8.88000
0.000064400000      -8.88000
0.000064500000      -9.04000
0.000064600000      -9.20000
0.000064700000      -9.28000
0.000064800000      -9.36000
0.000064900000      -9.36000
0.000065000000      -9.36000
0.000065100000      -9.44000
0.000065200000      -9.60000
0.000065300000      -9.52000
0.000065400000      -9.68000
0.000065500000      -9.68000
0.000065600000      -9.68000
0.000065700000      -9.68000
0.000065800000      -9.84000
0.000065900000      -9.76000
0.000066000000      -9.92000
0.000066100000      -9.92000
0.000066200000      -9.92000
0.000066300000      -9.92000
0.000066400000     -10.00000
0.000066500000     -10.00000
0.000066600000     -10.08000
0.000066700000     -10.16000
0.000066800000     -10.16000
0.000066900000     -10.16000
0.000067000000     -10.08000
0.000067100000     -10.24000
0.000067200000     -10.24000
0.000067300000     -10.24000
0.000067400000     -10.16000
0.000067500000     -10.16000
0.000067600000     -10.24000
0.000067700000     -10.16000
0.000067800000     -10.24000
0.000067900000     -10.24000
0.000068000000     -10.24000
0.000068100000     -10.08000
0.000068200000     -10.16000
0.000068300000     -10.00000
0.000068400000     -10.00000
0.000068500000     -10.00000
0.000068600000     -10.08000
0.000068700000     -10.00000
0.000068800000     -10.00000
0.000068900000      -9.84000
0.000069000000      -9.76000
0.000069100000      -9.84000
0.000069200000      -9.68000
0.000069300000      -9.68000
0.000069400000      -9.60000
0.000069500000      -9.68000
0.000069600000      -9.52000
0.000069700000      -9.44000
0.000069800000      -9.36000
0.000069900000      -9.44000
0.000070000000      -9.44000
0.000070100000      -9.28000
0.000070200000      -9.28000
0.000070300000      -9.28000
0.000070400000      -9.12000
0.000070500000      -9.04000
0.000070600000      -8.88000
0.000070700000      -8.80000
0.000070800000      -8.80000
0.000070900000      -8.72000
0.000071000000      -8.64000
0.000071100000      -8.56000
0.000071200000      -8.56000
0.000071300000      -8.40000
0.000071400000      -8.24000
0.000071500000      -8.24000
0.000071600000      -8.08000
0.000071700000      -8.00000
0.000071800000      -8.00000
0.000071900000      -7.92000
0.000072000000      -7.84000
0.000072100000      -7.84000
0.000072200000      -7.60000
0.000072300000      -7.44000
0.000072400000      -7.36000
0.000072500000      -7.28000
0.000072600000      -7.20000
0.000072700000      -7.20000
0.000072800000      -6.96000
0.000072900000      -6.96000
0.000073000000      -6.72000
0.000073100000      -6.72000
0.000073200000      -6.56000
0.000073300000      -6.48000
0.000073400000      -6.48000
0.000073500000      -6.24000
0.000073600000      -6.16000
0.000073700000      -6.08000
0.000073800000      -6.00000
0.000073900000      -5.92000
0.000074000000      -5.76000
0.000074100000      -5.60000
0.000074200000      -5.60000
0.000074300000      -5.36000
0.000074400000      -5.36000
0.000074500000      -5.28000
0.000074600000      -5.20000
0.000074700000      -4.96000
0.000074800000      -4.96000
0.000074900000      -4.88000
0.000075000000      -4.80000
0.000075100000      -4.56000
0.000075200000      -4.48000
0.000075300000      -4.48000
0.000075400000      -4.40000
0.000075500000      -4.32000
0.000075600000      -4.08000
0.000075700000      -4.00000
0.000075800000      -3.84000
0.000075900000      -3.84000
0.000076000000      -3.76000
0.000076100000      -3.68000
0.000076200000      -3.60000
0.000076300000      -3.52000
0.000076400000      -3.36000
0.000076500000      -3.36000
0.000076600000      -3.12000
0.000076700000      -3.12000
0.000076800000      -3.04000
0.000076900000      -3.12000
0.000077000000      -2.88000
0.000077100000      -2.80000
0.000077200000      -2.72000
0.000077300000      -2.72000
0.000077400000      -2.56000
0.000077500000      -2.48000
0.000077600000      -2.48000
0.000077700000      -2.40000
0.000077800000      -2.40000
0.000077900000      -2.40000
0.000078000000      -2.16000
0.000078100000      -2.16000
0.000078200000      -2.08000
0.000078300000      -2.08000
0.000078400000      -2.00000
0.000078500000      -1.92000
0.000078600000      -1.92000
0.000078700000      -1.92000
0.000078800000      -1.76000
0.000078900000      -1.76000
0.000079000000      -1.60000
0.000079100000      -1.68000
0.000079200000      -1.68000
0.000079300000      -1.60000
0.000079400000      -1.60000
0.000079500000      -1.52000
0.000079600000      -1.52000
0.000079700000      -1.52000
0.000079800000      -1.52000
0.000079900000      -1.44000
0.000080000000      -1.52000
0.000080100000      -1.52000
0.000080200000      -1.44000
0.000080300000      -1.36000
0.000080400000      -1.36000
0.000080500000      -1.44000
0.000080600000      -1.36000
0.000080700000      -1.36000
0.000080800000      -1.36000
0.000080900000      -1.36000
0.000081000000      -1.44000
0.000081100000      -1.36000
0.000081200000      -1.36000
0.000081300000      -1.44000
0.000081400000      -1.44000
0.000081500000      -1.44000
0.000081600000      -1.44000
0.000081700000      -1.44000
0.000081800000      -1.52000
0.000081900000      -1.52000
0.000082000000      -1.52000
0.000082100000      -1.68000
0.000082200000      -1.60000
0.000082300000      -1.68000
0.000082400000      -1.68000
0.000082500000      -1.60000
0.000082600000      -1.60000
0.000082700000      -1.76000
0.000082800000      -1.84000
0.000082900000      -1.92000
0.000083000000      -1.84000
0.000083100000      -1.92000
0.000083200000      -1.92000
0.000083300000      -2.00000
0.000083400000      -2.08000
0.000083500000      -2.16000
0.000083600000      -2.32000
0.000083700000      -2.24000
0.000083800000      -2.40000
0.000083900000      -2.40000
0.000084000000      -2.40000
0.000084100000      -2.48000
0.000084200000      -2.48000
0.000084300000      -2.72000
0.000084400000      -2.72000
0.000084500000      -2.80000
0.000084600000      -2.88000
0.000084700000      -2.96000
0.000084800000      -3.04000
0.000084900000      -3.12000
0.000085000000      -3.12000
0.000085100000      -3.28000
0.000085200000      -3.28000
0.000085300000      -3.44000
0.000085400000      -3.60000
0.000085500000      -3.52000
0.000085600000      -3.68000
0.000085700000      -3.68000
0.000085800000      -3.84000
0.000085900000      -3.84000
0.000086000000      -4.00000
0.000086100000      -4.00000
0.000086200000      -4.16000
0.000086300000      -4.24000
0.000086400000      -4.24000
0.000086500000      -4.40000
0.000086600000      -4.48000
0.000086700000      -4.56000
0.000086800000      -4.72000
0.000086900000      -4.80000
0.000087000000      -4.80000
0.000087100000      -4.96000
0.000087200000      -5.04000
0.000087300000      -5.12000
0.000087400000      -5.28000
0.000087500000      -5.28000
0.000087600000      -5.44000
0.000087700000      -5.52000
0.000087800000      -5.60000
0.000087900000      -5.60000
0.000088000000      -5.76000
0.000088100000      -5.92000
0.000088200000      -6.00000
0.000088300000      -6.00000
0.000088400000      -6.16000
0.000088500000      -6.16000
0.000088600000      -6.32000
0.000088700000      -6.32000
0.000088800000      -6.32000
0.000088900000      -6.48000
0.000089000000      -6.56000
0.000089100000      -6.64000
0.000089200000      -6.80000
0.000089300000      -6.80000
0.000089400000      -6.80000
0.000089500000      -7.04000
0.000089600000      -7.04000
0.000089700000      -7.12000
0.000089800000      -7.20000
0.000089900000      -7.28000
0.000090000000      -7.44000
0.000090100000      -7.44000
0.000090200000      -7.44000
0.000090300000      -7.60000
0.000090400000      -7.68000
0.000090500000      -7.68000
0.000090600000      -7.68000
0.000090700000      -7.76000
0.000090800000      -7.84000
0.000090900000      -8.00000
0.000091000000      -8.08000
0.000091100000      -8.00000
0.000091200000      -8.16000
0.000091300000      -8.16000
0.000091400000      -8.16000
0.000091500000      -8.24000
0.000091600000      -8.32000
0.000091700000      -8.40000
0.000091800000      -8.40000
0.000091900000      -8.40000
0.000092000000      -8.48000
0.000092100000      -8.56000
0.000092200000      -8.48000
0.000092300000      -8.64000
0.000092400000      -8.64000
0.000092500000      -8.56000
0.000092600000      -8.72000
0.000092700000      -8.64000
0.000092800000      -8.80000
0.000092900000      -8.80000
0.000093000000      -8.80000
0.000093100000      -8.88000
0.000093200000      -8.80000
0.000093300000      -8.88000
0.000093400000      -8.96000
0.000093500000      -8.88000
0.000093600000      -8.96000
0.000093700000      -8.88000
0.000093800000      -8.88000
0.000093900000      -8.80000
0.000094000000      -8.88000
0.000094100000      -8.80000
0.000094200000      -8.88000
0.000094300000      -8.88000
0.000094400000      -8.88000
0.000094500000      -8.88000
0.000094600000      -8.88000
0.000094700000      -8.72000
0.000094800000      -8.88000
0.000094900000      -8.72000
0.000095000000      -8.88000
0.000095100000      -8.80000
0.000095200000      -8.88000
0.000095300000      -8.80000
0.000095400000      -8.72000
0.000095500000      -8.72000
0.000095600000      -8.72000
0.000095700000      -8.64000
0.000095800000      -8.64000
0.000095900000      -8.64000
0.000096000000      -8.48000
0.000096100000      -8.56000
0.000096200000      -8.48000
0.000096300000      -8.56000
0.000096400000      -8.40000
0.000096500000      -8.40000
0.000096600000      -8.40000
0.000096700000      -8.32000
0.000096800000      -8.24000
0.000096900000      -8.24000
0.000097000000      -8.24000
0.000097100000      -8.08000
0.000097200000      -8.00000
0.000097300000      -8.08000
0.000097400000      -8.08000
0.000097500000      -7.92000
0.000097600000      -7.92000
0.000097700000      -7.84000
0.000097800000      -7.76000
0.000097900000      -7.76000
0.000098000000      -7.68000
0.000098100000      -7.60000
0.000098200000      -7.52000
0.000098300000      -7.52000
0.000098400000      -7.44000
0.000098500000      -7.44000
0.000098600000      -7.28000
0.000098700000      -7.20000
0.000098800000      -7.04000
0.000098900000      -6.96000
0.000099000000      -6.96000
0.000099100000      -6.80000
0.000099200000      -6.88000
0.000099300000      -6.80000
0.000099400000      -6.64000
0.000099500000      -6.64000
0.000099600000      -6.56000
0.000099700000      -6.48000
0.000099800000      -6.32000
0.000099900000      -6.32000
0.000100000000      -6.24000
0.000100100000      -6.16000
0.000100200000      -6.00000
0.000100300000      -6.00000
0.000100400000      -5.92000
0.000100500000      -5.84000
0.000100600000      -5.76000
0.000100700000      -5.76000
0.000100800000      -5.68000
0.000100900000      -5.60000
0.000101000000      -5.44000
0.000101100000      -5.52000
0.000101200000      -5.28000
0.000101300000      -5.28000
0.000101400000      -5.20000
0.000101500000      -5.04000
0.000101600000      -5.12000
0.000101700000      -4.96000
0.000101800000      -4.96000
0.000101900000      -4.80000
0.000102000000      -4.64000
0.000102100000      -4.64000
0.000102200000      -4.64000
0.000102300000      -4.48000
0.000102400000      -4.48000
0.000102500000      -4.40000
0.000102600000      -4.24000
0.000102700000      -4.16000
0.000102800000      -4.16000
0.000102900000      -4.08000
0.000103000000      -4.08000
0.000103100000      -4.00000
0.000103200000      -3.84000
0.000103300000      -3.84000
0.000103400000      -3.84000
0.000103500000      -3.68000
0.000103600000      -3.68000
0.000103700000      -3.60000
0.000103800000      -3.60000
0.000103900000      -3.52000
0.000104000000      -3.52000
0.000104100000      -3.44000
0.000104200000      -3.28000
0.000104300000      -3.28000
0.000104400000      -3.28000
0.000104500000      -3.20000
0.000104600000      -3.20000
0.000104700000      -3.12000
0.000104800000      -3.04000
0.000104900000      -2.96000
0.000105000000      -3.04000
0.000105100000      -2.96000
0.000105200000      -2.88000
0.000105300000      -2.88000
0.000105400000      -2.80000
0.000105500000      -2.80000
0.000105600000      -2.80000
0.000105700000      -2.80000
0.000105800000      -2.72000
0.000105900000      -2.64000
0.000106000000      -2.64000
0.000106100000      -2.72000
0.000106200000      -2.64000
0.000106300000      -2.64000
0.000106400000      -2.56000
0.000106500000      -2.64000
0.000106600000      -2.56000
0.000106700000      -2.48000
0.000106800000      -2.40000
0.000106900000      -2.56000
0.000107000000      -2.56000
0.000107100000      -2.48000
0.000107200000      -2.48000
0.000107300000      -2.48000
0.000107400000      -2.56000
0.000107500000      -2.48000
0.000107600000      -2.56000
0.000107700000      -2.40000
0.000107800000      -2.48000
0.000107900000      -2.48000
0.000108000000      -2.48000
0.000108100000      -2.48000
0.000108200000      -2.48000
0.000108300000      -2.56000
0.000108400000      -2.56000
0.000108500000      -2.64000
0.000108600000      -2.64000
0.000108700000      -2.64000
0.000108800000      -2.56000
0.000108900000      -2.64000
0.000109000000      -2.64000
0.000109100000      -2.80000
0.000109200000      -2.72000
0.000109300000      -2.80000
0.000109400000      -2.72000
0.000109500000      -2.80000
0.000109600000      -2.72000
0.000109700000      -2.88000
0.000109800000      -2.96000
0.000109900000      -2.88000
0.000110000000      -2.88000
0.000110100000      -2.96000
0.000110200000      -3.12000
0.000110300000      -3.12000
0.000110400000      -3.04000
0.000110500000      -3.20000
0.000110600000      -3.20000
0.000110700000      -3.28000
0.000110800000      -3.36000
0.000110900000      -3.36000
0.000111000000      -3.44000
0.000111100000      -3.52000
0.000111200000      -3.52000
0.000111300000      -3.68000
0.000111400000      -3.60000
0.000111500000      -3.68000
0.000111600000      -3.84000
0.000111700000      -3.92000
0.000111800000      -3.84000
0.000111900000      -3.84000
0.000112000000      -3.92000
0.000112100000      -4.00000
0.000112200000      -4.00000
0.000112300000      -4.08000
0.000112400000      -4.16000
0.000112500000      -4.24000
0.000112600000      -4.32000
0.000112700000      -4.32000
0.000112800000      -4.32000
0.000112900000      -4.48000
0.000113000000      -4.56000
0.000113100000      -4.56000
0.000113200000      -4.64000
0.000113300000      -4.72000
0.000113400000      -4.80000
0.000113500000      -4.88000
0.000113600000      -4.96000
0.000113700000      -5.04000
0.000113800000      -5.04000
0.000113900000      -5.12000
0.000114000000      -5.20000
0.000114100000      -5.28000
0.000114200000      -5.36000
0.000114300000      -5.44000
0.000114400000      -5.52000
0.000114500000      -5.60000
0.000114600000      -5.60000
0.000114700000      -5.68000
0.000114800000      -5.76000
0.000114900000      -5.76000
0.000115000000      -5.84000
0.000115100000      -5.92000
0.000115200000      -6.00000
0.000115300000      -6.00000
0.000115400000      -6.08000
0.000115500000      -6.24000
0.000115600000      -6.16000
0.000115700000      -6.24000
0.000115800000      -6.32000
0.000115900000      -6.40000
0.000116000000      -6.40000
0.000116100000      -6.48000
0.000116200000      -6.56000
0.000116300000      -6.56000
0.000116400000      -6.64000
0.000116500000      -6.80000
0.000116600000      -6.80000
0.000116700000      -6.80000
0.000116800000      -6.88000
0.000116900000      -6.96000
0.000117000000      -7.04000
0.000117100000      -7.04000
0.000117200000      -7.12000
0.000117300000      -7.20000
0.000117400000      -7.28000
0.000117500000      -7.20000
0.000117600000      -7.20000
0.000117700000      -7.36000
0.000117800000      -7.36000
0.000117900000      -7.44000
0.000118000000      -7.44000
0.000118100000      -7.52000
0.000118200000      -7.60000
0.000118300000      -7.52000
0.000118400000      -7.60000
0.000118500000      -7.52000
0.000118600000      -7.60000
0.000118700000      -7.68000
0.000118800000      -7.52000
0.000118900000      -7.68000
0.000119000000      -7.76000
0.000119100000      -7.76000
0.000119200000      -7.76000
0.000119300000      -7.84000
0.000119400000      -7.84000
0.000119500000      -7.92000
0.000119600000      -7.92000
0.000119700000      -7.92000
0.000119800000      -7.92000
0.000119900000      -8.00000
0.000120000000      -8.00000
0.000120100000      -7.92000
0.000120200000      -7.84000
0.000120300000      -8.00000
0.000120400000      -8.00000
0.000120500000      -8.08000
0.000120600000      -7.92000
0.000120700000      -8.00000
0.000120800000      -7.92000
0.000120900000      -7.92000
0.000121000000      -8.00000
0.000121100000      -8.00000
0.000121200000      -8.00000
0.000121300000      -8.00000
0.000121400000      -7.92000
0.000121500000      -8.00000
0.000121600000      -8.00000
0.000121700000      -7.84000
0.000121800000      -7.92000
0.000121900000      -7.84000
0.000122000000      -7.92000
0.000122100000      -7.92000
0.000122200000      -7.84000
0.000122300000      -7.84000
0.000122400000      -7.84000
0.000122500000      -7.84000
0.000122600000      -7.76000
0.000122700000      -7.84000
0.000122800000      -7.76000
0.000122900000      -7.68000
0.000123000000      -7.76000
0.000123100000      -7.68000
0.000123200000      -7.60000
0.000123300000      -7.68000
0.000123400000      -7.52000
0.000123500000      -7.52000
0.000123600000      -7.52000
0.000123700000      -7.52000
0.000123800000      -7.36000
0.000123900000      -7.36000
0.000124000000      -7.44000
0.000124100000      -7.28000
0.000124200000      -7.28000
0.000124300000      -7.20000
0.000124400000      -7.12000
0.000124500000      -7.12000
0.000124600000      -7.12000
0.000124700000      -7.12000
0.000124800000      -7.04000
0.000124900000      -7.04000
0.000125000000      -6.96000
0.000125100000      -6.80000
0.000125200000      -6.80000
0.000125300000      -6.72000
0.000125400000      -6.80000
0.000125500000      -6.72000
0.000125600000      -6.64000
0.000125700000      -6.56000
0.000125800000      -6.56000
0.000125900000      -6.56000
0.000126000000      -6.40000
0.000126100000      -6.40000
0.000126200000      -6.32000
0.000126300000      -6.32000
0.000126400000      -6.32000
0.000126500000      -6.24000
0.000126600000      -6.08000
0.000126700000      -6.08000
0.000126800000      -6.00000
0.000126900000      -5.92000
0.000127000000      -5.92000
0.000127100000      -5.84000
0.000127200000      -5.84000
0.000127300000      -5.76000
0.000127400000      -5.68000
0.000127500000      -5.68000
0.000127600000      -5.52000
0.000127700000      -5.44000
0.000127800000      -5.44000
0.000127900000      -5.44000
0.000128000000      -5.36000
0.000128100000      -5.36000
0.000128200000      -5.28000
0.000128300000      -5.20000
0.000128400000      -5.04000
0.000128500000      -4.96000
0.000128600000      -4.96000
0.000128700000      -4.80000
0.000128800000      -4.88000
0.000128900000      -4.80000
0.000129000000      -4.80000
0.000129100000      -4.80000
0.000129200000      -4.64000
0.000129300000      -4.56000
0.000129400000      -4.56000
0.000129500000      -4.56000
0.000129600000      -4.56000
0.000129700000      -4.48000
0.000129800000      -4.40000
0.000129900000      -4.40000
0.000130000000      -4.32000
0.000130100000      -4.32000
0.000130200000      -4.24000
0.000130300000      -4.24000
0.000130400000      -4.16000
0.000130500000      -4.08000
0.000130600000      -4.00000
0.000130700000      -4.00000
0.000130800000      -4.00000
0.000130900000      -4.00000
0.000131000000      -4.00000
0.000131100000      -4.00000
0.000131200000      -3.84000
0.000131300000      -3.84000
0.000131400000      -3.84000
0.000131500000      -3.76000
0.000131600000      -3.68000
0.000131700000      -3.68000
0.000131800000      -3.68000
0.000131900000      -3.68000
0.000132000000      -3.60000
0.000132100000      -3.60000
0.000132200000      -3.52000
0.000132300000      -3.52000
0.000132400000      -3.52000
0.000132500000      -3.52000
0.000132600000      -3.44000
0.000132700000      -3.44000
0.000132800000      -3.36000
0.000132900000      -3.36000
0.000133000000      -3.36000
0.000133100000      -3.36000
0.000133200000      -3.36000
0.000133300000      -3.36000
0.000133400000      -3.28000
0.000133500000      -3.28000
0.000133600000      -3.20000
0.000133700000      -3.28000
0.000133800000      -3.36000
0.000133900000      -3.20000
0.000134000000      -3.28000
0.000134100000      -3.36000
0.000134200000      -3.36000
0.000134300000      -3.36000
0.000134400000      -3.20000
0.000134500000      -3.28000
0.000134600000      -3.28000
0.000134700000      -3.36000
0.000134800000      -3.36000
0.000134900000      -3.36000
0.000135000000      -3.28000
0.000135100000      -3.28000
0.000135200000      -3.36000
0.000135300000      -3.28000
0.000135400000      -3.28000
0.000135500000      -3.28000
0.000135600000      -3.44000
0.000135700000      -3.44000
0.000135800000      -3.44000
0.000135900000      -3.36000
0.000136000000      -3.44000
0.000136100000      -3.44000
0.000136200000      -3.52000
0.000136300000      -3.60000
0.000136400000      -3.52000
0.000136500000      -3.52000
0.000136600000      -3.68000
0.000136700000      -3.60000
0.000136800000      -3.68000
0.000136900000      -3.76000
0.000137000000      -3.68000
0.000137100000      -3.84000
0.000137200000      -3.84000
0.000137300000      -3.92000
0.000137400000      -3.84000
0.000137500000      -3.84000
0.000137600000      -3.92000
0.000137700000      -3.92000
0.000137800000      -4.00000
0.000137900000      -4.08000
0.000138000000      -4.08000
0.000138100000      -4.16000
0.000138200000      -4.08000
0.000138300000      -4.08000
0.000138400000      -4.16000
0.000138500000      -4.24000
0.000138600000      -4.32000
0.000138700000      -4.32000
0.000138800000      -4.40000
0.000138900000      -4.48000
0.000139000000      -4.40000
0.000139100000      -4.56000
0.000139200000      -4.56000
0.000139300000      -4.56000
0.000139400000      -4.56000
0.000139500000      -4.72000
0.000139600000      -4.80000
0.000139700000      -4.80000
0.000139800000      -4.80000
0.000139900000      -4.88000
0.000140000000      -4.96000
0.000140100000      -4.96000
0.000140200000      -5.04000
0.000140300000      -5.12000
0.000140400000      -5.12000
0.000140500000      -5.12000
0.000140600000      -5.20000
0.000140700000      -5.28000
0.000140800000      -5.36000
0.000140900000      -5.36000
0.000141000000      -5.44000
0.000141100000      -5.52000
0.000141200000      -5.52000
0.000141300000      -5.68000
0.000141400000      -5.68000
0.000141500000      -5.60000
0.000141600000      -5.68000
0.000141700000      -5.76000
0.000141800000      -5.84000
0.000141900000      -5.76000
0.000142000000      -5.84000
0.000142100000      -6.00000
0.000142200000      -6.00000
0.000142300000      -6.00000
0.000142400000      -6.08000
0.000142500000      -6.16000
0.000142600000      -6.16000
0.000142700000      -6.16000
0.000142800000      -6.24000
0.000142900000      -6.24000
0.000143000000      -6.32000
0.000143100000      -6.32000
0.000143200000      -6.40000
0.000143300000      -6.32000
0.000143400000      -6.48000
0.000143500000      -6.48000
0.000143600000      -6.48000
0.000143700000      -6.64000
0.000143800000      -6.56000
0.000143900000      -6.64000
0.000144000000      -6.64000
0.000144100000      -6.64000
0.000144200000      -6.64000
0.000144300000      -6.80000
0.000144400000      -6.80000
0.000144500000      -6.80000
0.000144600000      -6.88000
0.000144700000      -6.96000
0.000144800000      -6.96000
0.000144900000      -6.96000
0.000145000000      -6.96000
0.000145100000      -6.88000
0.000145200000      -7.04000
0.000145300000      -7.04000
0.000145400000      -7.04000
0.000145500000      -7.04000
0.000145600000      -7.04000
0.000145700000      -7.12000
0.000145800000      -7.12000
0.000145900000      -7.20000
0.000146000000      -7.20000
0.000146100000      -7.20000
0.000146200000      -7.28000
0.000146300000      -7.28000
0.000146400000      -7.20000
0.000146500000      -7.28000
0.000146600000      -7.28000
0.000146700000      -7.20000
0.000146800000      -7.28000
0.000146900000      -7.36000
0.000147000000      -7.28000
0.000147100000      -7.36000
0.000147200000      -7.28000
0.000147300000      -7.28000
0.000147400000      -7.36000
0.000147500000      -7.28000
0.000147600000      -7.28000
0.000147700000      -7.28000
0.000147800000      -7.28000
0.000147900000      -7.44000
0.000148000000      -7.28000
0.000148100000      -7.28000
0.000148200000      -7.28000
0.000148300000      -7.20000
0.000148400000      -7.28000
0.000148500000      -7.28000
0.000148600000      -7.28000
0.000148700000      -7.28000
0.000148800000      -7.28000
0.000148900000      -7.20000
0.000149000000      -7.20000
0.000149100000      -7.20000
0.000149200000      -7.20000
0.000149300000      -7.20000
0.000149400000      -7.12000
0.000149500000      -7.12000
0.000149600000      -7.20000
0.000149700000      -7.12000
0.000149800000      -7.12000
0.000149900000      -7.04000
0.000150000000      -7.04000
0.000150100000      -7.04000
0.000150200000      -6.96000
0.000150300000      -6.96000
0.000150400000      -6.96000
0.000150500000      -6.88000
0.000150600000      -6.96000
0.000150700000      -6.96000
0.000150800000      -6.80000
0.000150900000      -6.80000
0.000151000000      -6.72000
0.000151100000      -6.80000
0.000151200000      -6.80000
0.000151300000      -6.88000
0.000151400000      -6.56000
0.000151500000      -6.64000
0.000151600000      -6.56000
0.000151700000      -6.56000
0.000151800000      -6.48000
0.000151900000      -6.48000
0.000152000000      -6.48000
0.000152100000      -6.40000
0.000152200000      -6.48000
0.000152300000      -6.32000
0.000152400000      -6.32000
0.000152500000      -6.32000
0.000152600000      -6.16000
0.000152700000      -6.08000
0.000152800000      -6.08000
0.000152900000      -6.16000
0.000153000000      -6.00000
0.000153100000      -6.00000
0.000153200000      -6.00000
0.000153300000      -6.00000
0.000153400000      -5.92000
0.000153500000      -5.84000
0.000153600000      -5.84000
0.000153700000      -5.84000
0.000153800000      -5.68000
0.000153900000      -5.68000
0.000154000000      -5.68000
0.000154100000      -5.68000
0.000154200000      -5.52000
0.000154300000      -5.52000
0.000154400000      -5.44000
0.000154500000      -5.44000
0.000154600000      -5.52000
0.000154700000      -5.44000
0.000154800000      -5.36000
0.000154900000      -5.28000
0.000155000000      -5.20000
0.000155100000      -5.20000
0.000155200000      -5.20000
0.000155300000      -5.20000
0.000155400000      -5.04000
0.000155500000      -5.04000
0.000155600000      -5.12000
0.000155700000      -4.96000
0.000155800000      -4.96000
0.000155900000      -4.88000
0.000156000000      -4.88000
0.000156100000      -4.96000
0.000156200000      -4.80000
0.000156300000      -4.72000
0.000156400000      -4.80000
0.000156500000      -4.72000
0.000156600000      -4.72000
0.000156700000      -4.72000
0.000156800000      -4.56000
0.000156900000      -4.64000
0.000157000000      -4.56000
0.000157100000      -4.56000
0.000157200000      -4.56000
0.000157300000      -4.40000
0.000157400000      -4.32000
0.000157500000      -4.40000
0.000157600000      -4.32000
0.000157700000      -4.32000
0.000157800000      -4.32000
0.000157900000      -4.24000
0.000158000000      -4.24000
0.000158100000      -4.24000
0.000158200000      -4.16000
0.000158300000      -4.16000
0.000158400000      -4.16000
0.000158500000      -4.00000
0.000158600000      -4.16000
0.000158700000      -4.00000
0.000158800000      -4.00000
0.000158900000      -4.08000
0.000159000000      -3.92000
0.000159100000      -4.08000
0.000159200000      -4.08000
0.000159300000      -4.08000
0.000159400000      -3.92000
0.000159500000      -4.00000
0.000159600000      -3.92000
0.000159700000      -3.92000
0.000159800000      -3.92000
0.000159900000      -4.00000
0.000160000000      -3.92000
0.000160100000      -4.00000
0.000160200000      -4.00000
0.000160300000      -4.00000
0.000160400000      -3.92000
0.000160500000      -3.92000
0.000160600000      -4.00000
0.000160700000      -3.92000
0.000160800000      -3.92000
0.000160900000      -3.84000
0.000161000000      -3.92000
0.000161100000      -3.92000
0.000161200000      -3.92000
0.000161300000      -3.92000
0.000161400000      -3.92000
0.000161500000      -3.92000
0.000161600000      -4.00000
0.000161700000      -3.84000
0.000161800000      -3.92000
0.000161900000      -3.92000
0.000162000000      -3.84000
0.000162100000      -4.00000
0.000162200000      -3.92000
0.000162300000      -3.92000
0.000162400000      -4.00000
0.000162500000      -4.00000
0.000162600000      -3.92000
0.000162700000      -4.00000
0.000162800000      -4.08000
0.000162900000      -4.00000
0.000163000000      -4.00000
0.000163100000      -4.00000
0.000163200000      -4.08000
0.000163300000      -4.16000
0.000163400000      -4.16000
0.000163500000      -4.24000
0.000163600000      -4.16000
0.000163700000      -4.16000
0.000163800000      -4.24000
0.000163900000      -4.32000
0.000164000000      -4.32000
0.000164100000      -4.32000
0.000164200000      -4.32000
0.000164300000      -4.32000
0.000164400000      -4.40000
0.000164500000      -4.40000
0.000164600000      -4.64000
0.000164700000      -4.48000
0.000164800000      -4.40000
0.000164900000      -4.48000
0.000165000000      -4.56000
0.000165100000      -4.56000
0.000165200000      -4.48000
0.000165300000      -4.56000
0.000165400000      -4.56000
0.000165500000      -4.72000
0.000165600000      -4.64000
0.000165700000      -4.80000
0.000165800000      -4.80000
0.000165900000      -4.88000
0.000166000000      -4.88000
0.000166100000      -4.88000
0.000166200000      -4.88000
0.000166300000      -4.96000
0.000166400000      -4.88000
0.000166500000      -5.04000
0.000166600000      -5.04000
0.000166700000      -5.04000
0.000166800000      -5.12000
0.000166900000      -5.28000
0.000167000000      -5.20000
0.000167100000      -5.20000
0.000167200000      -5.28000
0.000167300000      -5.36000
0.000167400000      -5.36000
0.000167500000      -5.36000
0.000167600000      -5.52000
0.000167700000      -5.52000
0.000167800000      -5.52000
0.000167900000      -5.44000
0.000168000000      -5.44000
0.000168100000      -5.44000
0.000168200000      -5.60000
0.000168300000      -5.68000
0.000168400000      -5.68000
0.000168500000      -5.68000
0.000168600000      -5.76000
0.000168700000      -5.84000
0.000168800000      -5.84000
0.000168900000      -5.84000
0.000169000000      -5.92000
0.000169100000      -5.84000
0.000169200000      -5.92000
0.000169300000      -5.92000
0.000169400000      -6.00000
0.000169500000      -6.08000
0.000169600000      -6.08000
0.000169700000      -5.92000
0.000169800000      -6.08000
0.000169900000      -6.24000
0.000170000000      -6.16000
0.000170100000      -6.24000
0.000170200000      -6.24000
0.000170300000      -6.24000
0.000170400000      -6.24000
0.000170500000      -6.24000
0.000170600000      -6.40000
0.000170700000      -6.32000
0.000170800000      -6.40000
0.000170900000      -6.48000
0.000171000000      -6.56000
0.000171100000      -6.48000
0.000171200000      -6.48000
0.000171300000      -6.56000
0.000171400000      -6.48000
0.000171500000      -6.64000
0.000171600000      -6.56000
0.000171700000      -6.56000
0.000171800000      -6.64000
0.000171900000      -6.64000
0.000172000000      -6.64000
0.000172100000      -6.64000
0.000172200000      -6.72000
0.000172300000      -6.72000
0.000172400000      -6.72000
0.000172500000      -6.64000
0.000172600000      -6.64000
0.000172700000      -6.80000
0.000172800000      -6.72000
0.000172900000      -6.72000
0.000173000000      -6.72000
0.000173100000      -6.80000
0.000173200000      -6.80000
0.000173300000      -6.80000
0.000173400000      -6.88000
0.000173500000      -6.72000
0.000173600000      -6.80000
0.000173700000      -6.88000
0.000173800000      -6.80000
0.000173900000      -6.88000
0.000174000000      -6.80000
0.000174100000      -6.80000
0.000174200000      -6.88000
0.000174300000      -6.88000
0.000174400000      -6.88000
0.000174500000      -6.88000
0.000174600000      -6.88000
0.000174700000      -6.80000
0.000174800000      -6.80000
0.000174900000      -6.72000
0.000175000000      -6.88000
0.000175100000      -6.80000
0.000175200000      -6.88000
0.000175300000      -6.80000
0.000175400000      -6.88000
0.000175500000      -6.72000
0.000175600000      -6.72000
0.000175700000      -6.72000
0.000175800000      -6.72000
0.000175900000      -6.80000
0.000176000000      -6.72000
0.000176100000      -6.72000
0.000176200000      -6.72000
0.000176300000      -6.64000
0.000176400000      -6.64000
0.000176500000      -6.80000
0.000176600000      -6.64000
0.000176700000      -6.72000
0.000176800000      -6.72000
0.000176900000      -6.64000
0.000177000000      -6.56000
0.000177100000      -6.56000
0.000177200000      -6.48000
0.000177300000      -6.48000
0.000177400000      -6.48000
0.000177500000      -6.56000
0.000177600000      -6.48000
0.000177700000      -6.40000
0.000177800000      -6.32000
0.000177900000      -6.32000
0.000178000000      -6.24000
0.000178100000      -6.32000
0.000178200000      -6.32000
0.000178300000      -6.24000
0.000178400000      -6.32000
0.000178500000      -6.16000
0.000178600000      -6.24000
0.000178700000      -6.16000
0.000178800000      -6.16000
0.000178900000      -6.16000
0.000179000000      -6.16000
0.000179100000      -6.00000
0.000179200000      -6.08000
0.000179300000      -6.08000
0.000179400000      -6.08000
0.000179500000      -6.08000
0.000179600000      -5.92000
0.000179700000      -5.84000
0.000179800000      -6.00000
0.000179900000      -5.92000
0.000180000000      -5.84000
0.000180100000      -5.84000
0.000180200000      -5.76000
0.000180300000      -5.84000
0.000180400000      -5.68000
0.000180500000      -5.76000
0.000180600000      -5.76000
0.000180700000      -5.60000
0.000180800000      -5.60000
0.000180900000      -5.60000
0.000181000000      -5.60000
0.000181100000      -5.52000
0.000181200000      -5.44000
0.000181300000      -5.44000
0.000181400000      -5.44000
0.000181500000      -5.36000
0.000181600000      -5.28000
0.000181700000      -5.36000
0.000181800000      -5.20000
0.000181900000      -5.28000
0.000182000000      -5.20000
0.000182100000      -5.20000
0.000182200000      -5.28000
0.000182300000      -5.12000
0.000182400000      -5.12000
0.000182500000      -5.04000
0.000182600000      -5.12000
0.000182700000      -4.96000
0.000182800000      -5.12000
0.000182900000      -4.96000
0.000183000000      -5.04000
0.000183100000      -5.04000
0.000183200000      -4.96000
0.000183300000      -4.96000
0.000183400000      -4.80000
0.000183500000      -4.88000
0.000183600000      -4.88000
0.000183700000      -4.80000
0.000183800000      -4.80000
0.000183900000      -4.88000
0.000184000000      -4.72000
0.000184100000      -4.72000
0.000184200000      -4.64000
0.000184300000      -4.72000
0.000184400000      -4.72000
0.000184500000      -4.64000
0.000184600000      -4.48000
0.000184700000      -4.48000
0.000184800000      -4.56000
0.000184900000      -4.56000
0.000185000000      -4.48000
0.000185100000      -4.48000
0.000185200000      -4.48000
0.000185300000      -4.56000
0.000185400000      -4.40000
0.000185500000      -4.40000
0.000185600000      -4.40000
0.000185700000      -4.48000
0.000185800000      -4.48000
0.000185900000      -4.40000
0.000186000000      -4.32000
0.000186100000      -4.40000
0.000186200000      -4.48000
0.000186300000      -4.40000
0.000186400000      -4.40000
0.000186500000      -4.40000
0.000186600000      -4.40000
0.000186700000      -4.40000
0.000186800000      -4.40000
0.000186900000      -4.32000
0.000187000000      -4.32000
0.000187100000      -4.24000
0.000187200000      -4.32000
0.000187300000      -4.40000
0.000187400000      -4.32000
0.000187500000      -4.40000
0.000187600000      -4.40000
0.000187700000      -4.32000
0.000187800000      -4.24000
0.000187900000      -4.24000
0.000188000000      -4.32000
0.000188100000      -4.32000
0.000188200000      -4.32000
0.000188300000      -4.40000
0.000188400000      -4.32000
0.000188500000      -4.32000
0.000188600000      -4.32000
0.000188700000      -4.32000
0.000188800000      -4.40000
0.000188900000      -4.32000
0.000189000000      -4.32000
0.000189100000      -4.40000
0.000189200000      -4.48000
0.000189300000      -4.40000
0.000189400000      -4.48000
0.000189500000      -4.40000
0.000189600000      -4.40000
0.000189700000      -4.48000
0.000189800000      -4.56000
0.000189900000      -4.56000
0.000190000000      -4.56000
0.000190100000      -4.48000
0.000190200000      -4.48000
0.000190300000      -4.56000
0.000190400000      -4.64000
0.000190500000      -4.64000
0.000190600000      -4.56000
0.000190700000      -4.72000
0.000190800000      -4.72000
0.000190900000      -4.72000
0.000191000000      -4.56000
0.000191100000      -4.56000
0.000191200000      -4.64000
0.000191300000      -4.72000
0.000191400000      -4.72000
0.000191500000      -4.72000
0.000191600000      -4.72000
0.000191700000      -4.72000
0.000191800000      -4.88000
0.000191900000      -4.88000
0.000192000000      -4.88000
0.000192100000      -4.88000
0.000192200000      -4.88000
0.000192300000      -4.88000
0.000192400000      -5.04000
0.000192500000      -5.04000
0.000192600000      -5.04000
0.000192700000      -5.04000
0.000192800000      -5.12000
0.000192900000      -5.04000
0.000193000000      -5.04000
0.000193100000      -5.04000
0.000193200000      -5.20000
0.000193300000      -5.12000
0.000193400000      -5.20000
0.000193500000      -5.20000
0.000193600000      -5.20000
0.000193700000      -5.28000
0.000193800000      -5.28000
0.000193900000      -5.28000
0.000194000000      -5.36000
0.000194100000      -5.36000
0.000194200000      -5.52000
0.000194300000      -5.52000
0.000194400000      -5.44000
0.000194500000      -5.44000
0.000194600000      -5.52000
0.000194700000      -5.60000
0.000194800000      -5.52000
0.000194900000      -5.60000
0.000195000000      -5.52000
0.000195100000      -5.60000
0.000195200000      -5.68000
0.000195300000      -5.68000
0.000195400000      -5.68000
0.000195500000      -5.68000
0.000195600000      -5.68000
0.000195700000      -5.84000
0.000195800000      -5.76000
0.000195900000      -5.84000
0.000196000000      -5.92000
0.000196100000      -5.84000
0.000196200000      -5.92000
0.000196300000      -6.00000
0.000196400000      -6.00000
0.000196500000      -5.92000
0.000196600000      -6.00000
0.000196700000      -5.92000
0.000196800000      -6.00000
0.000196900000      -6.08000
0.000197000000      -6.08000
0.000197100000      -6.08000
0.000197200000      -6.08000
0.000197300000      -6.16000
0.000197400000      -6.16000
0.000197500000      -6.16000
0.000197600000      -6.08000
0.000197700000      -6.08000
0.000197800000      -6.16000
0.000197900000      -6.24000
0.000198000000      -6.24000
0.000198100000      -6.24000
0.000198200000      -6.32000
0.000198300000      -6.24000
0.000198400000      -6.24000
0.000198500000      -6.24000
0.000198600000      -6.24000
0.000198700000      -6.40000
0.000198800000      -6.32000
0.000198900000      -6.32000
0.000199000000      -6.32000
0.000199100000      -6.32000
0.000199200000      -6.32000
0.000199300000      -6.40000
0.000199400000      -6.40000
0.000199500000      -6.32000
0.000199600000      -6.40000
0.000199700000      -6.48000
0.000199800000      -6.48000
0.000199900000      -6.48000
0.000200000000      -6.32000
0.000200100000      -6.40000
0.000200200000      -6.40000
0.000200300000      -6.40000
0.000200400000      -6.48000
0.000200500000      -6.48000
0.000200600000      -6.56000
0.000200700000      -6.56000
0.000200800000      -6.48000
0.000200900000      -6.48000
0.000201000000      -6.48000
0.000201100000      -6.40000
0.000201200000      -6.48000
0.000201300000      -6.40000
0.000201400000      -6.48000
0.000201500000      -6.48000
0.000201600000      -6.48000
0.000201700000      -6.40000
0.000201800000      -6.48000
0.000201900000      -6.48000
0.000202000000      -6.48000
0.000202100000      -6.48000
0.000202200000      -6.32000
0.000202300000      -6.40000
0.000202400000      -6.56000
0.000202500000      -6.40000
0.000202600000      -6.48000
0.000202700000      -6.40000
0.000202800000      -6.40000
0.000202900000      -6.40000
0.000203000000      -6.40000
0.000203100000      -6.48000
0.000203200000      -6.32000
0.000203300000      -6.32000
0.000203400000      -6.32000
0.000203500000      -6.40000
0.000203600000      -6.32000
0.000203700000      -6.32000
0.000203800000      -6.24000
0.000203900000      -6.24000
0.000204000000      -6.32000
0.000204100000      -6.24000
0.000204200000      -6.24000
0.000204300000      -6.16000
0.000204400000      -6.16000
0.000204500000      -6.08000
0.000204600000      -6.16000
0.000204700000      -6.16000
0.000204800000      -6.16000
0.000204900000      -6.08000
0.000205000000      -6.16000
0.000205100000      -6.16000
0.000205200000      -5.92000
0.000205300000      -6.08000
0.000205400000      -5.92000
0.000205500000      -6.00000
0.000205600000      -6.08000
0.000205700000      -5.92000
0.000205800000      -5.92000
0.000205900000      -6.00000
0.000206000000      -5.84000
0.000206100000      -5.92000
0.000206200000      -5.84000
0.000206300000      -5.84000
0.000206400000      -5.92000
0.000206500000      -5.84000
0.000206600000      -5.76000
0.000206700000      -5.84000
0.000206800000      -5.76000
0.000206900000      -5.76000
0.000207000000      -5.68000
0.000207100000      -5.68000
0.000207200000      -5.68000
0.000207300000      -5.60000
0.000207400000      -5.76000
0.000207500000      -5.60000
0.000207600000      -5.44000
0.000207700000      -5.44000
0.000207800000      -5.44000
0.000207900000      -5.36000
0.000208000000      -5.44000
0.000208100000      -5.44000
0.000208200000      -5.36000
0.000208300000      -5.44000
0.000208400000      -5.44000
0.000208500000      -5.36000
0.000208600000      -5.36000
0.000208700000      -5.28000
0.000208800000      -5.20000
0.000208900000      -5.28000
0.000209000000      -5.20000
0.000209100000      -5.20000
0.000209200000      -5.20000
0.000209300000      -5.20000
0.000209400000      -5.20000
0.000209500000      -5.20000
0.000209600000      -5.12000
0.000209700000      -5.20000
0.000209800000      -5.12000
0.000209900000      -5.04000
0.000210000000      -5.12000
0.000210100000      -5.04000
0.000210200000      -5.04000
0.000210300000      -5.12000
0.000210400000      -5.04000
0.000210500000      -5.12000
0.000210600000      -5.04000
0.000210700000      -5.04000
0.000210800000      -4.96000
0.000210900000      -4.80000
0.000211000000      -4.80000
0.000211100000      -4.80000
0.000211200000      -4.96000
0.000211300000      -4.72000
0.000211400000      -4.80000
0.000211500000      -4.88000
0.000211600000      -4.88000
0.000211700000      -4.88000
0.000211800000      -4.80000
0.000211900000      -4.80000
0.000212000000      -4.72000
0.000212100000      -4.64000
0.000212200000      -4.72000
0.000212300000      -4.80000
0.000212400000      -4.80000
0.000212500000      -4.72000
0.000212600000      -4.64000
0.000212700000      -4.72000
0.000212800000      -4.72000
0.000212900000      -4.64000
0.000213000000      -4.72000
0.000213100000      -4.64000
0.000213200000      -4.64000
0.000213300000      -4.72000
0.000213400000      -4.72000
0.000213500000      -4.64000
0.000213600000      -4.64000
0.000213700000      -4.64000
0.000213800000      -4.64000
0.000213900000      -4.64000
0.000214000000      -4.72000
0.000214100000      -4.64000
0.000214200000      -4.64000
0.000214300000      -4.64000
0.000214400000      -4.56000
0.000214500000      -4.64000
0.000214600000      -4.64000
0.000214700000      -4.56000
0.000214800000      -4.64000
0.000214900000      -4.64000
0.000215000000      -4.64000
0.000215100000      -4.56000
0.000215200000      -4.64000
0.000215300000      -4.64000
0.000215400000      -4.72000
0.000215500000      -4.72000
0.000215600000      -4.72000
0.000215700000      -4.56000
0.000215800000      -4.72000
0.000215900000      -4.72000
0.000216000000      -4.72000
0.000216100000      -4.72000
0.000216200000      -4.72000
0.000216300000      -4.72000
0.000216400000      -4.80000
0.000216500000      -4.80000
0.000216600000      -4.80000
0.000216700000      -4.80000
0.000216800000      -4.72000
0.000216900000      -4.80000
0.000217000000      -4.80000
0.000217100000      -4.96000
0.000217200000      -4.88000
0.000217300000      -4.88000
0.000217400000      -4.80000
0.000217500000      -4.80000
0.000217600000      -4.80000
0.000217700000      -4.80000
0.000217800000      -4.88000
0.000217900000      -4.80000
0.000218000000      -4.88000
0.000218100000      -4.96000
0.000218200000      -4.96000
0.000218300000      -4.96000
0.000218400000      -4.96000
0.000218500000      -4.96000
0.000218600000      -5.04000
0.000218700000      -4.96000
0.000218800000      -5.04000
0.000218900000      -5.04000
0.000219000000      -5.04000
0.000219100000      -5.12000
0.000219200000      -5.12000
0.000219300000      -5.04000
0.000219400000      -5.20000
0.000219500000      -5.20000
0.000219600000      -5.20000
0.000219700000      -5.20000
0.000219800000      -5.20000
0.000219900000      -5.28000
0.000220000000      -5.28000
0.000220100000      -5.28000
0.000220200000      -5.28000
0.000220300000      -5.36000
0.000220400000      -5.36000
0.000220500000      -5.44000
0.000220600000      -5.44000
0.000220700000      -5.28000
0.000220800000      -5.36000
0.000220900000      -5.44000
0.000221000000      -5.44000
0.000221100000      -5.44000
0.000221200000      -5.52000
0.000221300000      -5.44000
0.000221400000      -5.52000
0.000221500000      -5.60000
0.000221600000      -5.52000
0.000221700000      -5.52000
0.000221800000      -5.60000
0.000221900000      -5.52000
0.000222000000      -5.52000
0.000222100000      -5.52000
0.000222200000      -5.68000
0.000222300000      -5.68000
0.000222400000      -5.68000
0.000222500000      -5.68000
0.000222600000      -5.68000
0.000222700000      -5.68000
0.000222800000      -5.68000
0.000222900000      -5.92000
0.000223000000      -5.84000
0.000223100000      -5.84000
0.000223200000      -5.84000
0.000223300000      -5.84000
0.000223400000      -5.84000
0.000223500000      -5.84000
0.000223600000      -5.84000
0.000223700000      -5.84000
0.000223800000      -5.84000
0.000223900000      -5.92000
0.000224000000      -5.92000
0.000224100000      -6.00000
0.000224200000      -6.00000
0.000224300000      -5.92000
0.000224400000      -6.00000
0.000224500000      -6.00000
0.000224600000      -6.00000
0.000224700000      -6.00000
0.000224800000      -6.00000
0.000224900000      -6.00000
0.000225000000      -6.00000
0.000225100000      -6.00000
0.000225200000      -6.00000
0.000225300000      -6.08000
0.000225400000      -6.08000
0.000225500000      -6.16000
0.000225600000      -6.00000
0.000225700000      -6.16000
0.000225800000      -6.16000
0.000225900000      -6.16000
0.000226000000      -6.16000
0.000226100000      -6.08000
0.000226200000      -6.24000
0.000226300000      -6.16000
0.000226400000      -6.16000
0.000226500000      -6.16000
0.000226600000      -6.24000
0.000226700000      -6.16000
0.000226800000      -6.16000
0.000226900000      -6.24000
0.000227000000      -6.32000
0.000227100000      -6.24000
0.000227200000      -6.32000
0.000227300000      -6.16000
0.000227400000      -6.16000
0.000227500000      -6.16000
0.000227600000      -6.24000
0.000227700000      -6.16000
0.000227800000      -6.16000
0.000227900000      -6.32000
0.000228000000      -6.16000
0.000228100000      -6.24000
0.000228200000      -6.16000
0.000228300000      -6.24000
0.000228400000      -6.24000
0.000228500000      -6.16000
0.000228600000      -6.24000
0.000228700000      -6.24000
0.000228800000      -6.16000
0.000228900000      -6.16000
0.000229000000      -6.16000
0.000229100000      -6.08000
0.000229200000      -6.16000
0.000229300000      -6.24000
0.000229400000      -6.24000
0.000229500000      -6.16000
0.000229600000      -6.24000
0.000229700000      -6.08000
0.000229800000      -6.16000
0.000229900000      -6.08000
0.000230000000      -6.16000
0.000230100000      -6.16000
0.000230200000      -6.16000
0.000230300000      -6.16000
0.000230400000      -6.16000
0.000230500000      -6.16000
0.000230600000      -6.08000
0.000230700000      -6.00000
0.000230800000      -6.08000
0.000230900000      -6.00000
0.000231000000      -6.08000
0.000231100000      -6.00000
0.000231200000      -6.00000
0.000231300000      -6.00000
0.000231400000      -6.00000
0.000231500000      -5.92000
0.000231600000      -5.92000
0.000231700000      -5.92000
0.000231800000      -5.92000
0.000231900000      -5.92000
0.000232000000      -5.84000
0.000232100000      -5.92000
0.000232200000      -5.92000
0.000232300000      -5.84000
0.000232400000      -5.76000
0.000232500000      -5.84000
0.000232600000      -5.76000
0.000232700000      -5.76000
0.000232800000      -5.84000
0.000232900000      -5.84000
0.000233000000      -5.68000
0.000233100000      -5.68000
0.000233200000      -5.76000
0.000233300000      -5.76000
0.000233400000      -5.60000
0.000233500000      -5.60000
0.000233600000      -5.68000
0.000233700000      -5.68000
0.000233800000      -5.60000
0.000233900000      -5.68000
0.000234000000      -5.68000
0.000234100000      -5.60000
0.000234200000      -5.52000
0.000234300000      -5.52000
0.000234400000      -5.60000
0.000234500000      -5.44000
0.000234600000      -5.44000
0.000234700000      -5.52000
0.000234800000      -5.44000
0.000234900000      -5.36000
0.000235000000      -5.44000
0.000235100000      -5.44000
0.000235200000      -5.36000
0.000235300000      -5.44000
0.000235400000      -5.44000
0.000235500000      -5.28000
0.000235600000      -5.36000
0.000235700000      -5.28000
0.000235800000      -5.28000
0.000235900000      -5.28000
0.000236000000      -5.28000
0.000236100000      -5.28000
0.000236200000      -5.36000
0.000236300000      -5.28000
0.000236400000      -5.28000
0.000236500000      -5.28000
0.000236600000      -5.20000
0.000236700000      -5.28000
0.000236800000      -5.20000
0.000236900000      -5.20000
0.000237000000      -5.12000
0.000237100000      -5.12000
0.000237200000      -5.12000
0.000237300000      -5.04000
0.000237400000      -4.96000
0.000237500000      -5.12000
0.000237600000      -5.12000
0.000237700000      -5.04000
0.000237800000      -5.12000
0.000237900000      -5.04000
0.000238000000      -5.04000
0.000238100000      -4.96000
0.000238200000      -4.88000
0.000238300000      -4.96000
0.000238400000      -4.96000
0.000238500000      -5.04000
0.000238600000      -4.96000
0.000238700000      -4.88000
0.000238800000      -4.96000
0.000238900000      -4.96000
0.000239000000      -4.88000
0.000239100000      -4.96000
0.000239200000      -4.96000
0.000239300000      -4.88000
0.000239400000      -4.96000
0.000239500000      -5.04000
0.000239600000      -4.96000
0.000239700000      -4.96000
0.000239800000      -4.96000
0.000239900000      -4.88000
0.000240000000      -4.88000
0.000240100000      -4.88000
0.000240200000      -4.96000
0.000240300000      -4.96000
0.000240400000      -4.88000
0.000240500000      -4.88000
0.000240600000      -4.88000
0.000240700000      -4.80000
0.000240800000      -4.80000
0.000240900000      -4.88000
0.000241000000      -4.88000
0.000241100000      -4.72000
0.000241200000      -4.80000
0.000241300000      -4.88000
0.000241400000      -4.88000
0.000241500000      -4.88000
0.000241600000      -4.88000
0.000241700000      -4.80000
0.000241800000      -4.80000
0.000241900000      -4.80000
0.000242000000      -4.88000
0.000242100000      -4.88000
0.000242200000      -4.96000
0.000242300000      -4.96000
0.000242400000      -4.88000
0.000242500000      -4.96000
0.000242600000      -4.96000
0.000242700000      -5.04000
0.000242800000      -4.88000
0.000242900000      -5.04000
0.000243000000      -4.96000
0.000243100000      -4.96000
0.000243200000      -4.96000
0.000243300000      -4.96000
0.000243400000      -4.96000
0.000243500000      -4.96000
0.000243600000      -5.04000
0.000243700000      -5.04000
0.000243800000      -5.04000
0.000243900000      -5.04000
0.000244000000      -4.88000
0.000244100000      -4.96000
0.000244200000      -4.96000
0.000244300000      -5.04000
0.000244400000      -4.96000
0.000244500000      -5.04000
0.000244600000      -5.04000
0.000244700000      -5.20000
0.000244800000      -5.04000
0.000244900000      -5.12000
0.000245000000      -5.04000
0.000245100000      -5.04000
0.000245200000      -5.28000
0.000245300000      -5.20000
0.000245400000      -5.12000
0.000245500000      -5.20000
0.000245600000      -5.12000
0.000245700000      -5.28000
0.000245800000      -5.12000
0.000245900000      -5.28000
0.000246000000      -5.28000
0.000246100000      -5.36000
0.000246200000      -5.28000
0.000246300000      -5.36000
0.000246400000      -5.20000
0.000246500000      -5.36000
0.000246600000      -5.36000
0.000246700000      -5.36000
0.000246800000      -5.36000
0.000246900000      -5.36000
0.000247000000      -5.36000
0.000247100000      -5.44000
0.000247200000      -5.36000
0.000247300000      -5.36000
0.000247400000      -5.36000
0.000247500000      -5.36000
0.000247600000      -5.36000
0.000247700000      -5.44000
0.000247800000      -5.44000
0.000247900000      -5.44000
0.000248000000      -5.52000
0.000248100000      -5.44000
0.000248200000      -5.44000
0.000248300000      -5.52000
0.000248400000      -5.52000
0.000248500000      -5.60000
0.000248600000      -5.60000
0.000248700000      -5.52000
0.000248800000      -5.68000
0.000248900000      -5.52000
0.000249000000      -5.60000
0.000249100000      -5.60000
0.000249200000      -5.68000
0.000249300000      -5.60000
0.000249400000      -5.68000
0.000249500000      -5.68000
0.000249600000      -5.68000
0.000249700000      -5.68000
0.000249800000      -5.76000
0.000249900000      -5.68000
0.000250000000      -5.84000
0.000250100000      -5.76000
0.000250200000      -5.84000
0.000250300000      -5.76000
0.000250400000      -5.84000
0.000250500000      -5.84000
0.000250600000      -5.84000
0.000250700000      -5.84000
0.000250800000      -5.84000
0.000250900000      -5.76000
0.000251000000      -5.84000
0.000251100000      -5.76000
0.000251200000      -5.84000
0.000251300000      -5.92000
0.000251400000      -5.84000
0.000251500000      -6.00000
0.000251600000      -5.92000
0.000251700000      -5.84000
0.000251800000      -5.92000
0.000251900000      -6.00000
0.000252000000      -5.92000
0.000252100000      -5.92000
0.000252200000      -5.92000
0.000252300000      -6.00000
0.000252400000      -6.00000
0.000252500000      -5.92000
0.000252600000      -6.00000
0.000252700000      -6.00000
0.000252800000      -6.00000
0.000252900000      -6.00000
0.000253000000      -5.92000
0.000253100000      -5.92000
0.000253200000      -6.00000
0.000253300000      -6.00000
0.000253400000      -5.92000
0.000253500000      -6.00000
0.000253600000      -6.00000
0.000253700000      -5.92000
0.000253800000      -6.00000
0.000253900000      -6.00000
0.000254000000      -6.00000
0.000254100000      -6.00000
0.000254200000      -5.92000
0.000254300000      -6.00000
0.000254400000      -6.00000
0.000254500000      -6.00000
0.000254600000      -6.08000
0.000254700000      -6.00000
0.000254800000      -6.00000
0.000254900000      -6.00000
0.000255000000      -6.08000
0.000255100000      -6.08000
0.000255200000      -5.92000
0.000255300000      -5.92000
0.000255400000      -6.08000
0.000255500000      -5.92000
0.000255600000      -6.00000
0.000255700000      -5.92000
0.000255800000      -6.00000
0.000255900000      -6.08000
0.000256000000      -6.00000
0.000256100000      -5.92000
0.000256200000      -6.00000
0.000256300000      -6.00000
0.000256400000      -6.00000
0.000256500000      -6.00000
0.000256600000      -5.92000
0.000256700000      -6.00000
0.000256800000      -6.00000
0.000256900000      -6.00000
