# x y
0.000000000000000000e+00 2.621434772918542211e-01
6.981317007977317912e-01 4.271280014348138643e+00
1.396263401595463582e+00 7.545732202022269242e+00
2.094395102393195263e+00 6.220187521589215507e+00
2.792526803190927165e+00 3.941252392172557517e+00
3.490658503988659067e+00 -1.676311649957553440e+00
4.188790204786390525e+00 -6.600078564315179364e+00
4.886921905584122428e+00 -7.537592236437750337e+00
5.585053606381854330e+00 -4.851500755032368772e+00
6.283185307179586232e+00 -6.476681314000437562e-01
