0.0    -1.541872641073482
0.01001001001001001    1.8526009301378084
0.02002002002002002    0.09667151835786093
0.03003003003003003    3.5583857644429524
0.04004004004004004    1.178738382715531
0.050050050050050046    -0.37197178702048944
0.06006006006006006    2.251127043835467
0.07007007007007007    1.4296177350028025
0.08008008008008008    -1.4480145849344237
0.09009009009009009    0.5003356698597442
0.10010010010010009    1.7667561303872574
0.11011011011011011    -0.9087840682442168
0.12012012012012012    1.8700375912881728
0.13013013013013014    -1.0077534626971258
0.14014014014014015    -0.9680284910063115
0.15015015015015015    2.6726958346060936
0.16016016016016016    -2.4046413375328832
0.17017017017017017    2.2808503109416125
0.18018018018018017    1.435910063163873
0.19019019019019018    0.9586584994181078
0.20020020020020018    -2.8780261436131154
0.21021021021021022    2.1526647130198686
0.22022022022022023    4.079825491986078
0.23023023023023023    2.7725904874230483
0.24024024024024024    2.4764762237157614
0.2502502502502503    2.6479177978670494
0.2602602602602603    -2.1343693146471243
0.2702702702702703    3.6955186049254714
0.2802802802802803    -1.3975339944030973
0.2902902902902903    1.7051648815989813
0.3003003003003003    6.199795450532996
0.3103103103103103    -0.6346063724751563
0.3203203203203203    3.0082314527073875
0.3303303303303303    1.4327771498308886
0.34034034034034033    -0.2717193870535628
0.35035035035035034    2.5877344113013168
0.36036036036036034    2.6720340566022145
0.37037037037037035    1.1527957466314023
0.38038038038038036    1.8207051303895487
0.39039039039039036    1.113369385510935
0.40040040040040037    -0.587801630187613
0.41041041041041043    -2.6871321985781256
0.42042042042042044    5.86365312837307
0.43043043043043044    -1.7975868535954524
0.44044044044044045    2.0706759964599977
0.45045045045045046    0.0810398557145855
0.46046046046046046    -1.6940023228171937
0.47047047047047047    4.0263559588175
0.4804804804804805    7.004063877893965
0.4904904904904905    0.9244780847625675
0.5005005005005005    0.6218263399014965
0.5105105105105106    2.5704586050324374
0.5205205205205206    5.859929057527742
0.5305305305305306    4.314183535563273
0.5405405405405406    6.188013939044002
0.5505505505505506    3.424751560239895
0.5605605605605606    -2.431821757092668
0.5705705705705706    0.8798880324921787
0.5805805805805806    1.9777174931798271
0.5905905905905906    1.6684004182312875
0.6006006006006006    2.233848189986411
0.6106106106106106    3.530022786810249
0.6206206206206206    4.883456634636096
0.6306306306306306    5.376838358874098
0.6406406406406406    1.2346162736810207
0.6506506506506506    3.805841586583661
0.6606606606606606    2.9797810572305536
0.6706706706706707    -0.19683904350307868
0.6806806806806807    2.6789209726159275
0.6906906906906907    5.2093173142661735
0.7007007007007007    4.603531231185356
0.7107107107107107    1.7526795158467892
0.7207207207207207    1.425319492086457
0.7307307307307307    1.7834859718588716
0.7407407407407407    7.453659320285286
0.7507507507507507    7.482996207132755
0.7607607607607607    3.3274998883987186
0.7707707707707707    3.410737130530667
0.7807807807807807    2.8380710195024967
0.7907907907907907    6.963737642251427
0.8008008008008007    3.821238366718189
0.8108108108108109    5.252526479286015
0.8208208208208209    3.3857432942028796
0.8308308308308309    4.739321298564892
0.8408408408408409    7.476191830899348
0.8508508508508509    4.738526624956883
0.8608608608608609    2.7394792582613867
0.8708708708708709    3.0150690837945406
0.8808808808808809    1.0159712978977393
0.8908908908908909    4.9204900654743895
0.9009009009009009    1.8263695657851677
0.9109109109109109    2.7468621904210355
0.9209209209209209    5.715462756800924
0.9309309309309309    2.8517381248975524
0.9409409409409409    5.677110911214581
0.950950950950951    1.6151077607691064
0.960960960960961    2.250842528864735
0.970970970970971    4.896798835073157
0.980980980980981    5.6070914513802395
0.990990990990991    6.7158499025020255
1.001001001001001    9.04265518181884
1.011011011011011    6.276559103189079
1.021021021021021    4.5846623282559795
1.031031031031031    5.120916645709304
1.0410410410410411    6.645849355604564
1.0510510510510511    4.3681166987030915
1.0610610610610611    8.002140431224367
1.0710710710710711    3.435468385480805
1.0810810810810811    5.7443498016978305
1.0910910910910911    5.291471977300409
1.1011011011011012    4.037600432727888
1.1111111111111112    3.873280786540561
1.1211211211211212    7.673401972298782
1.1311311311311312    4.552310260604261
1.1411411411411412    7.69699900733538
1.1511511511511512    7.872975174214494
1.1611611611611612    2.344932937339641
1.1711711711711712    1.962708453804137
1.1811811811811812    4.98125948828349
1.1911911911911912    9.557118636600697
1.2012012012012012    8.197638934133234
1.2112112112112112    4.167514776952237
1.2212212212212212    8.467551692987362
1.2312312312312312    2.837321690828184
1.2412412412412412    5.847303222760296
1.2512512512512513    5.953038188688968
1.2612612612612613    8.403877019622898
1.2712712712712713    8.021679531431008
1.2812812812812813    9.115744453384453
1.2912912912912913    6.674401669241552
1.3013013013013013    6.361788304190027
1.3113113113113113    6.293262810606244
1.3213213213213213    5.856857254983479
1.3313313313313313    9.420320533027612
1.3413413413413413    7.115470399463357
1.3513513513513513    4.415462925732216
1.3613613613613613    5.992440064353587
1.3713713713713713    7.205135151628133
1.3813813813813813    5.486476444434974
1.3913913913913913    8.32525347155617
1.4014014014014013    10.445443126366103
1.4114114114114114    7.044152703993033
1.4214214214214214    6.236094561930904
1.4314314314314314    8.069235997527734
1.4414414414414414    5.516940083383655
1.4514514514514514    5.600900123952118
1.4614614614614614    8.113811727505325
1.4714714714714714    4.4982750557657205
1.4814814814814814    8.207786406172945
1.4914914914914914    7.6424648686403
1.5015015015015014    8.83867834222058
1.5115115115115114    5.757194555527361
1.5215215215215214    4.0748863277585325
1.5315315315315314    12.642386424681838
1.5415415415415414    8.75022055402977
1.5515515515515514    9.462680021645035
1.5615615615615615    4.585241812520865
1.5715715715715715    9.438656829844852
1.5815815815815815    7.334440293807857
1.5915915915915915    7.261455331587235
1.6016016016016015    7.381461863605592
1.6116116116116117    8.907064971310275
1.6216216216216217    10.954403033470028
1.6316316316316317    4.464951385297919
1.6416416416416417    9.30978352927914
1.6516516516516517    7.910539069114794
1.6616616616616617    7.894233480159404
1.6716716716716717    7.345553647815266
1.6816816816816818    6.778413683471111
1.6916916916916918    9.404614934443783
1.7017017017017018    8.8444525739591
1.7117117117117118    7.965668063073669
1.7217217217217218    9.36647599457979
1.7317317317317318    9.759307661807478
1.7417417417417418    7.754707788627618
1.7517517517517518    6.574369447208263
1.7617617617617618    9.277431479893801
1.7717717717717718    13.642796489093524
1.7817817817817818    6.868320381949484
1.7917917917917918    6.393161650335665
1.8018018018018018    8.705531918621865
1.8118118118118118    10.50532293281685
1.8218218218218218    8.493425392172348
1.8318318318318318    7.83488800490574
1.8418418418418419    7.8921272579614214
1.8518518518518519    10.125969689633974
1.8618618618618619    11.22491341368579
1.8718718718718719    12.576960792612523
1.8818818818818819    8.667100343007169
1.8918918918918919    10.801189573984008
1.901901901901902    8.956450980851452
1.911911911911912    10.3808363289127
1.921921921921922    6.902835516732292
1.931931931931932    12.756473852184387
1.941941941941942    10.795078537605026
1.951951951951952    11.92087287724084
1.961961961961962    6.742510587142039
1.971971971971972    8.677900791451727
1.981981981981982    6.027771467785039
1.991991991991992    7.694967432421228
2.002002002002002    9.315281414237262
2.012012012012012    12.845098093350604
2.022022022022022    10.364458103490074
2.032032032032032    5.563205978673442
2.042042042042042    11.199482991631346
2.052052052052052    14.70615837296685
2.062062062062062    8.997268641113996
2.0720720720720722    11.250744909959089
2.0820820820820822    12.423037683415645
2.0920920920920922    11.475077539187023
2.1021021021021022    12.819720282305346
2.1121121121121122    12.25767128395873
2.1221221221221223    9.773994539632227
2.1321321321321323    10.37965174425858
2.1421421421421423    10.24601661011613
2.1521521521521523    13.897068539712425
2.1621621621621623    11.86880410581448
2.1721721721721723    10.760213157031568
2.1821821821821823    9.430608031687303
2.1921921921921923    11.67064950759577
2.2022022022022023    11.73748907173368
2.2122122122122123    8.304497080046335
2.2222222222222223    11.860807767912979
2.2322322322322323    10.815381813867294
2.2422422422422423    13.093244976358498
2.2522522522522523    11.743783766999698
2.2622622622622623    9.315959908238266
2.2722722722722724    13.59128775055442
2.2822822822822824    11.580119814424002
2.2922922922922924    12.372663189670144
2.3023023023023024    9.308141956885658
2.3123123123123124    14.634219531731983
2.3223223223223224    11.028068706948883
2.3323323323323324    9.623050265551061
2.3423423423423424    13.263038786233691
2.3523523523523524    11.291670022614213
2.3623623623623624    12.001204970067068
2.3723723723723724    14.18049230259336
2.3823823823823824    12.773675993404645
2.3923923923923924    10.873166448689506
2.4024024024024024    13.774061021307
2.4124124124124124    11.587475687168764
2.4224224224224224    11.235380937125466
2.4324324324324325    15.279488462519106
2.4424424424424425    10.744513179476524
2.4524524524524525    15.128886472016248
2.4624624624624625    11.19695956127985
2.4724724724724725    12.709270554770072
2.4824824824824825    10.381747690651846
2.4924924924924925    15.501192028133312
2.5025025025025025    12.615234735020508
2.5125125125125125    14.42039504364204
2.5225225225225225    10.113647563210842
2.5325325325325325    15.227115133033045
2.5425425425425425    13.378366671992929
2.5525525525525525    8.717610983977089
2.5625625625625625    13.42885057497138
2.5725725725725725    8.887366417561585
2.5825825825825826    14.996688391698605
2.5925925925925926    9.766691311556517
2.6026026026026026    15.760451391416332
2.6126126126126126    10.279895838540263
2.6226226226226226    14.094720929794049
2.6326326326326326    11.675510254339168
2.6426426426426426    10.851958036117903
2.6526526526526526    13.89532196316117
2.6626626626626626    13.944883364925749
2.6726726726726726    14.3448133724831
2.6826826826826826    10.708578671346732
2.6926926926926926    13.052135749484085
2.7027027027027026    14.60326186688743
2.7127127127127126    14.235780399672068
2.7227227227227226    14.041607850969967
2.7327327327327327    11.66161787267762
2.7427427427427427    11.360906726336346
2.7527527527527527    12.840306206260335
2.7627627627627627    15.122357189144097
2.7727727727727727    12.998851746300096
2.7827827827827827    14.97872651529706
2.7927927927927927    12.845570397352052
2.8028028028028027    9.360992917240988
2.8128128128128127    12.85479551615174
2.8228228228228227    14.407438755366282
2.8328328328328327    10.526311583307852
2.8428428428428427    13.092312309613312
2.8528528528528527    15.343921242406319
2.8628628628628627    14.24327258109042
2.8728728728728727    16.88258905513224
2.8828828828828827    11.648095438614945
2.8928928928928928    15.808688896677193
2.9029029029029028    12.508793122376522
2.9129129129129128    14.122053463539842
2.9229229229229228    14.332588885570358
2.932932932932933    16.042747609435647
2.942942942942943    15.996158825613174
2.952952952952953    14.828084075012846
2.962962962962963    15.882659808801854
2.972972972972973    14.110965422734626
2.982982982982983    14.362257545712314
2.992992992992993    14.439140381141577
3.003003003003003    20.320141849038393
3.013013013013013    12.489293962706956
3.023023023023023    17.91463813910979
3.033033033033033    16.1653451549434
3.043043043043043    13.690566562784266
3.053053053053053    15.93279268823385
3.063063063063063    16.682762349805632
3.073073073073073    13.727042354420847
3.083083083083083    16.987819516317053
3.093093093093093    14.053107343597109
3.103103103103103    15.070526234426584
3.113113113113113    14.641138950635778
3.123123123123123    16.687864161409767
3.133133133133133    14.732266142260551
3.143143143143143    18.06858985624856
3.153153153153153    17.308212179937417
3.163163163163163    15.266673778474004
3.173173173173173    19.21832115768431
3.183183183183183    14.397667177083678
3.193193193193193    15.8730568239711
3.203203203203203    14.792718593538693
3.2132132132132134    17.379333067633432
3.2232232232232234    17.40769791555408
3.2332332332332334    13.472482186618672
3.2432432432432434    15.028281295510475
3.2532532532532534    16.293725473356407
3.2632632632632634    15.261431793287864
3.2732732732732734    15.556652819641059
3.2832832832832834    16.451033577692346
3.2932932932932935    19.26207450836363
3.3033033033033035    20.656615735798063
3.3133133133133135    17.481649348927483
3.3233233233233235    15.182111738859048
3.3333333333333335    16.344191525246288
3.3433433433433435    17.623496411669777
3.3533533533533535    20.579084507263516
3.3633633633633635    15.69702524166845
3.3733733733733735    19.334846213945607
3.3833833833833835    17.034742202500563
3.3933933933933935    18.82237284020608
3.4034034034034035    17.71237685182075
3.4134134134134135    17.360298298175532
3.4234234234234235    18.42003935154652
3.4334334334334335    16.964844017154448
3.4434434434434436    16.032211252963506
3.4534534534534536    18.442163025149224
3.4634634634634636    18.77279157692896
3.4734734734734736    20.377029228360037
3.4834834834834836    20.818721611722616
3.4934934934934936    16.8909642746884
3.5035035035035036    17.286466246136957
3.5135135135135136    18.299146789159096
3.5235235235235236    17.11007689733875
3.5335335335335336    18.76412075065038
3.5435435435435436    17.44555397776008
3.5535535535535536    14.753016544898522
3.5635635635635636    17.57809584399142
3.5735735735735736    19.898850719665063
3.5835835835835836    16.241834098770383
3.5935935935935936    14.081771132968312
3.6036036036036037    18.10434112038876
3.6136136136136137    15.094283966090542
3.6236236236236237    18.71291925041709
3.6336336336336337    18.513917892690042
3.6436436436436437    20.389444084426096
3.6536536536536537    17.29581954001395
3.6636636636636637    17.457469645364288
3.6736736736736737    18.29074909021509
3.6836836836836837    18.907416477366798
3.6936936936936937    20.012605303836793
3.7037037037037037    16.422153008432424
3.7137137137137137    16.2070442287826
3.7237237237237237    16.094679905431203
3.7337337337337337    19.635532508587538
3.7437437437437437    17.541134427339784
3.7537537537537538    20.822755537661013
3.7637637637637638    18.97301267066029
3.7737737737737738    17.507082141447654
3.7837837837837838    18.359652548069448
3.793793793793794    19.66034915430799
3.803803803803804    19.59808371690063
3.813813813813814    18.963304595520906
3.823823823823824    17.146642296245464
3.833833833833834    20.540832249784238
3.843843843843844    20.525413858247852
3.853853853853854    19.46565326468536
3.863863863863864    21.68144326401006
3.873873873873874    18.56524456884998
3.883883883883884    19.61342493716548
3.893893893893894    21.31853859592473
3.903903903903904    19.0822041639336
3.913913913913914    20.89344491117936
3.923923923923924    16.855056535742264
3.933933933933934    16.44892042819839
3.943943943943944    19.45251304112188
3.953953953953954    15.367398875964566
3.963963963963964    15.621247046440079
3.973973973973974    23.92158376633402
3.983983983983984    21.747201034947157
3.993993993993994    20.677385144761757
4.004004004004004    18.87636997523246
4.014014014014014    19.47496219326937
4.024024024024024    17.38420978291654
4.034034034034034    20.20655819971876
4.044044044044044    18.18965701320431
4.054054054054054    21.524529748668506
4.064064064064064    16.965446011211366
4.074074074074074    22.291421477919645
4.084084084084084    23.206940585515554
4.094094094094094    20.68791678526387
4.104104104104104    21.519515862191213
4.114114114114114    21.52439516249282
4.124124124124124    21.838092165143383
4.134134134134134    20.816440457730472
4.1441441441441444    18.62400811664793
4.1541541541541545    19.28933518214115
4.1641641641641645    18.870106571867144
4.1741741741741745    22.489918411292592
4.1841841841841845    22.538101756429803
4.1941941941941945    20.03028656200118
4.2042042042042045    21.90147016030235
4.2142142142142145    18.095048141071736
4.2242242242242245    20.52410391662564
4.2342342342342345    19.74496485614951
4.2442442442442445    19.523078098340893
4.2542542542542545    22.009943612941072
4.2642642642642645    21.53726059243326
4.2742742742742745    25.58802658695949
4.2842842842842845    24.692849794479383
4.2942942942942945    25.125660420703014
4.3043043043043046    20.28878547009565
4.314314314314315    21.338740540819213
4.324324324324325    18.111864280582875
4.334334334334335    22.93903970059152
4.344344344344345    22.570515509923393
4.354354354354355    19.767396378819257
4.364364364364365    20.80141088172439
4.374374374374375    23.775784931295593
4.384384384384385    21.164325171756246
4.394394394394395    22.83303195839307
4.404404404404405    20.37965173336433
4.414414414414415    20.660156610414287
4.424424424424425    24.078890362416224
4.434434434434435    21.872013888483785
4.444444444444445    20.39654153542842
4.454454454454455    22.653396281886963
4.464464464464465    20.952395785598153
4.474474474474475    25.062726862161053
4.484484484484485    21.096779131652642
4.494494494494495    22.32969337348716
4.504504504504505    25.714689183125785
4.514514514514515    18.451308739986608
4.524524524524525    21.665236850562692
4.534534534534535    21.337670757222103
4.544544544544545    23.138617815619433
4.554554554554555    19.51110649380895
4.564564564564565    27.453787190215728
4.574574574574575    24.037905222648632
4.584584584584585    20.168077203844547
4.594594594594595    20.412471265988085
4.604604604604605    23.968640231437536
4.614614614614615    22.7757720087243
4.624624624624625    22.5368803687622
4.634634634634635    21.791603489590287
4.644644644644645    21.90719197705969
4.654654654654655    23.623744531485897
4.664664664664665    24.67747217882262
4.674674674674675    23.258566081198662
4.684684684684685    24.14081891814026
4.694694694694695    23.62072923864214
4.704704704704705    23.499283434758315
4.714714714714715    25.56670018635013
4.724724724724725    21.38651432353236
4.734734734734735    18.65171395578863
4.744744744744745    24.543967260070186
4.754754754754755    21.69199255979603
4.764764764764765    21.984871732403228
4.774774774774775    20.208998432325398
4.784784784784785    26.374509845978793
4.794794794794795    20.04413523783912
4.804804804804805    24.901401028008088
4.814814814814815    25.636184978423906
4.824824824824825    21.42554956471341
4.834834834834835    23.795750247700404
4.844844844844845    22.102676101185608
4.854854854854855    27.94061999924423
4.864864864864865    23.833450653232518
4.874874874874875    25.009522899808427
4.884884884884885    26.40426188181408
4.894894894894895    26.1904707996599
4.904904904904905    25.29794667942224
4.914914914914915    23.782647753185994
4.924924924924925    23.748718553204984
4.934934934934935    24.320988733339686
4.944944944944945    27.228994687655966
4.954954954954955    28.599070949561064
4.964964964964965    24.619268562388893
4.974974974974975    25.970024994692192
4.984984984984985    24.41522061916837
4.994994994994995    23.720140059555497
5.005005005005005    25.104344381384955
5.015015015015015    25.975989291425403
5.025025025025025    22.863603392034207
5.035035035035035    24.03926586665405
5.045045045045045    25.07883518463254
5.055055055055055    21.850292181221526
5.065065065065065    22.127157420189462
5.075075075075075    28.053236724453786
5.085085085085085    27.163812063102846
5.095095095095095    25.44794365567751
5.105105105105105    28.30613761316517
5.115115115115115    22.405801903255906
5.125125125125125    28.0108126161653
5.135135135135135    26.86439337317378
5.145145145145145    21.580895336400594
5.155155155155155    24.96421372595464
5.165165165165165    27.30168423166985
5.175175175175175    31.355526631838522
5.185185185185185    25.09388358511237
5.195195195195195    24.374871198314445
5.205205205205205    28.717943419896457
5.215215215215215    27.204213933540764
5.225225225225225    25.917958729927268
5.235235235235235    29.972171376741766
5.245245245245245    27.97386610666772
5.255255255255255    26.113065719121604
5.265265265265265    27.87091758117585
5.275275275275275    26.442485143856782
5.285285285285285    26.15381130637024
5.295295295295295    25.55224686654995
5.305305305305305    26.074549913957394
5.315315315315315    23.233034135921486
5.325325325325325    24.587296225650555
5.335335335335335    30.45227046528877
5.345345345345345    22.841134208820403
5.355355355355355    27.699095129172196
5.365365365365365    26.614337575232454
5.375375375375375    32.470949260498685
5.385385385385385    24.206319358134472
5.395395395395395    29.25255709023065
5.405405405405405    28.552598617013913
5.415415415415415    26.443967790103407
5.425425425425425    27.962733406691502
5.435435435435435    29.74981528377215
5.445445445445445    27.10334280590084
5.455455455455455    27.886445801424642
5.465465465465465    27.164442867507013
5.475475475475475    26.37615098955096
5.485485485485485    27.231406105463567
5.495495495495495    24.70005070642537
5.505505505505505    28.733355239194424
5.515515515515515    28.585457262664995
5.525525525525525    24.974930971634056
5.535535535535535    26.813283694399214
5.545545545545545    28.160516761576968
5.555555555555555    25.811069160894824
5.565565565565565    28.374785124725964
5.575575575575575    28.627139271652702
5.585585585585585    30.370667615266292
5.595595595595595    26.580222951449695
5.605605605605605    29.847577018985927
5.615615615615615    28.323780542850347
5.625625625625625    27.083323181105417
5.635635635635635    30.248914502969065
5.645645645645645    30.29080114211983
5.655655655655655    33.21904905194369
5.665665665665665    31.399484153350777
5.675675675675675    32.15961556551099
5.685685685685685    30.650225750006978
5.6956956956956954    26.0272159216829
5.7057057057057055    29.99319542028014
5.7157157157157155    27.49319497203636
5.7257257257257255    27.25304751595092
5.7357357357357355    28.9111056963052
5.7457457457457455    25.239220914652403
5.7557557557557555    29.66131454827101
5.7657657657657655    27.746728190673725
5.7757757757757755    27.674046915940103
5.7857857857857855    26.426081694725113
5.7957957957957955    29.812675797477738
5.8058058058058055    26.43068237742374
5.8158158158158155    31.43127326851686
5.8258258258258255    30.026021544765346
5.8358358358358355    31.64971133233886
5.8458458458458455    29.577412094093095
5.8558558558558556    28.20710159549708
5.865865865865866    29.029307439425196
5.875875875875876    29.39159035748108
5.885885885885886    29.16005660828912
5.895895895895896    30.473872104639423
5.905905905905906    31.303658484021582
5.915915915915916    31.8965459630541
5.925925925925926    29.741374989363603
5.935935935935936    28.201240582229985
5.945945945945946    31.918657066888386
5.955955955955956    29.69093219675238
5.965965965965966    28.458768385699308
5.975975975975976    31.555705874547833
5.985985985985986    30.804343506384786
5.995995995995996    30.54411936229205
6.006006006006006    29.295497169146635
6.016016016016016    28.232216527526997
6.026026026026026    32.49778983761668
6.036036036036036    28.673019013260475
6.046046046046046    31.118836934892045
6.056056056056056    22.37067951643965
6.066066066066066    26.873156313060356
6.076076076076076    31.572180235589062
6.086086086086086    32.76799000178197
6.096096096096096    30.757043595367822
6.106106106106106    28.427726460316542
6.116116116116116    32.31145759954849
6.126126126126126    31.10692164172868
6.136136136136136    33.492678686937204
6.146146146146146    31.776913080454708
6.156156156156156    29.970768879736614
6.166166166166166    32.298253310140005
6.176176176176176    30.16573616511606
6.186186186186186    28.649454278218467
6.196196196196196    32.339348111081755
6.206206206206206    29.47904952169522
6.216216216216216    32.93354101399971
6.226226226226226    30.00924261700804
6.236236236236236    32.09113028822867
6.246246246246246    30.115733553852007
6.256256256256256    34.02081837578395
6.266266266266266    31.516262905674157
6.276276276276276    30.046054560135424
6.286286286286286    31.29953272256319
6.296296296296296    33.04949765099135
6.306306306306306    33.16863823613749
6.316316316316316    34.25300400952469
6.326326326326326    31.948119891814443
6.336336336336336    32.25762818159046
6.346346346346346    31.252664874941452
6.356356356356356    32.28414560270924
6.366366366366366    30.851531102189828
6.376376376376376    31.557303525141627
6.386386386386386    35.47944450735322
6.396396396396396    34.53021553765635
6.406406406406406    29.526739722578807
6.416416416416417    34.14397662592187
6.426426426426427    30.7672269861276
6.436436436436437    31.19004592276902
6.446446446446447    33.13909605387329
6.456456456456457    34.009777325166795
6.466466466466467    28.776653694084875
6.476476476476477    37.70694744648126
6.486486486486487    29.984132683629248
6.496496496496497    33.21023047652382
6.506506506506507    33.6426152895476
6.516516516516517    31.566462697269994
6.526526526526527    32.15768365674844
6.536536536536537    33.134770528199695
6.546546546546547    29.741999863826894
6.556556556556557    32.81652324517819
6.566566566566567    29.818138939562843
6.576576576576577    31.326741796454517
6.586586586586587    32.46348084759892
6.596596596596597    30.548118117505386
6.606606606606607    33.41775065389528
6.616616616616617    32.095179285327575
6.626626626626627    32.224048471991225
6.636636636636637    31.484556740281324
6.646646646646647    33.19512636018576
6.656656656656657    31.819068955650327
6.666666666666667    31.116860917021253
6.676676676676677    34.779316404427895
6.686686686686687    32.12129069909279
6.696696696696697    34.52124934224329
6.706706706706707    32.99898936712406
6.716716716716717    35.44570772758265
6.726726726726727    34.33624545492684
6.736736736736737    37.557463352702605
6.746746746746747    35.52674287044835
6.756756756756757    37.567617173518734
6.766766766766767    33.39350921568854
6.776776776776777    32.18637992635095
6.786786786786787    35.235905308783465
6.796796796796797    33.58604993850495
6.806806806806807    32.64190931990452
6.816816816816817    35.755315982491744
6.826826826826827    31.426713769247115
6.836836836836837    35.05712690249634
6.846846846846847    34.98967887176857
6.856856856856857    37.27499123091444
6.866866866866867    33.273094137303346
6.876876876876877    34.03695302407449
6.886886886886887    36.99511659359522
6.896896896896897    34.01809808350722
6.906906906906907    33.509689402339134
6.916916916916917    34.305723459729805
6.926926926926927    32.23000883523122
6.936936936936937    36.809643430244215
6.946946946946947    33.31169572875282
6.956956956956957    35.37859526104338
6.966966966966967    37.17618496458223
6.976976976976977    37.0272089988265
6.986986986986987    35.40990988860436
6.996996996996997    34.648590048089716
7.007007007007007    36.819964323071055
7.017017017017017    31.347299961842854
7.027027027027027    34.913639910729714
7.037037037037037    35.723286440931986
7.047047047047047    36.30810073324192
7.057057057057057    33.160177582489354
7.067067067067067    34.633160759743994
7.077077077077077    34.59117645030608
7.087087087087087    36.62486615184366
7.097097097097097    36.28172148668036
7.107107107107107    34.730893264758336
7.117117117117117    34.70328672266254
7.127127127127127    37.27439342114897
7.137137137137137    31.228528985388216
7.147147147147147    38.75803684667769
7.157157157157157    35.69299393476645
7.167167167167167    34.726028693128576
7.177177177177177    37.728426669472704
7.187187187187187    36.997881917398146
7.197197197197197    37.56303678425148
7.207207207207207    38.77723970648091
7.217217217217217    35.872902983823664
7.227227227227227    35.473731478518914
7.237237237237237    35.77410300497227
7.247247247247247    36.124141266634766
7.257257257257257    34.53585534207986
7.267267267267267    35.36049331167873
7.277277277277277    35.9044409778723
7.287287287287287    37.38748647610799
7.297297297297297    35.275366671146195
7.307307307307307    32.285820850236306
7.317317317317317    37.98453802871655
7.327327327327327    34.35175165451331
7.337337337337337    33.23780152958803
7.347347347347347    35.615358728618645
7.357357357357357    38.06204100401429
7.367367367367367    37.269123634294644
7.377377377377377    37.70090648082861
7.387387387387387    36.50615196114066
7.397397397397397    39.084638318265704
7.407407407407407    36.93795882613094
7.4174174174174174    37.05471659691313
7.4274274274274275    35.4782501699362
7.4374374374374375    38.175931948058285
7.4474474474474475    37.028422975140444
7.4574574574574575    36.30803896787833
7.4674674674674675    40.13035591722613
7.4774774774774775    38.75267745308928
7.4874874874874875    34.46968280454299
7.4974974974974975    34.80479465504502
7.5075075075075075    33.98001862732086
7.5175175175175175    37.0289093041621
7.5275275275275275    34.44795276450161
7.5375375375375375    33.675492059007986
7.5475475475475475    36.6879515009603
7.5575575575575575    39.03201581610475
7.5675675675675675    34.6531014577843
7.5775775775775776    40.55238022902753
7.587587587587588    40.49801601380199
7.597597597597598    39.66949635107895
7.607607607607608    36.28567394535235
7.617617617617618    37.300904571055014
7.627627627627628    38.920636617758326
7.637637637637638    36.503465948864985
7.647647647647648    35.783945033876684
7.657657657657658    42.149233728321185
7.667667667667668    38.149520704396025
7.677677677677678    36.79691534769064
7.687687687687688    39.69624534711407
7.697697697697698    38.80108250449359
7.707707707707708    36.020290565331095
7.717717717717718    38.49265954096489
7.727727727727728    39.63608782610871
7.737737737737738    42.474005248377715
7.747747747747748    36.144076848444186
7.757757757757758    35.351902378175495
7.767767767767768    40.93512169709911
7.777777777777778    42.60995378733975
7.787787787787788    42.50526445662695
7.797797797797798    42.098783179479355
7.807807807807808    38.07942728008811
7.817817817817818    42.018896990387795
7.827827827827828    37.309590385089734
7.837837837837838    38.330987872334816
7.847847847847848    41.70132008891822
7.857857857857858    38.4186103426149
7.867867867867868    40.45481019149973
7.877877877877878    38.12106286418906
7.887887887887888    38.558839375904284
7.897897897897898    39.65421306257131
7.907907907907908    36.77317129048755
7.917917917917918    38.967486489336
7.927927927927928    41.44126476475419
7.937937937937938    37.28368107913087
7.947947947947948    38.581683423782216
7.957957957957958    40.99216572291996
7.967967967967968    38.609027474684275
7.977977977977978    38.7572234773191
7.987987987987988    37.543812585406656
7.997997997997998    39.903968397022226
8.008008008008009    38.75530954548855
8.018018018018019    38.989936833273454
8.028028028028029    39.77397463567508
8.038038038038039    38.984405217806696
8.048048048048049    41.23494525554178
8.058058058058059    38.31009865223852
8.068068068068069    37.781328603949575
8.078078078078079    40.88243541506886
8.088088088088089    41.63063585960828
8.098098098098099    39.015432611750164
8.108108108108109    37.97079635902779
8.118118118118119    37.431923484463546
8.128128128128129    42.488873360291166
8.138138138138139    40.164895851212954
8.148148148148149    41.92494433351451
8.158158158158159    40.291767416188826
8.168168168168169    41.064148458980554
8.178178178178179    40.12515467390163
8.188188188188189    38.469826459808715
8.198198198198199    40.28103310650858
8.208208208208209    43.03334964796438
8.218218218218219    41.63467407133976
8.228228228228229    40.37341441251999
8.238238238238239    40.591139643219876
8.248248248248249    42.83658399125179
8.258258258258259    42.259211880547625
8.268268268268269    41.33760770088946
8.278278278278279    45.5677755189499
8.288288288288289    44.736262099817864
8.298298298298299    38.492268757745656
8.308308308308309    42.426690697217026
8.318318318318319    44.00191710534697
8.328328328328329    45.3350545703515
8.338338338338339    39.4780707539127
8.348348348348349    38.538392388893946
8.358358358358359    43.33292716303667
8.368368368368369    38.74091255732743
8.378378378378379    40.89929821750033
8.388388388388389    43.084972400668114
8.398398398398399    40.17761904560027
8.408408408408409    42.46776867370527
8.418418418418419    35.614044301786244
8.428428428428429    40.0440486997226
8.438438438438439    38.446540831571475
8.448448448448449    42.69227740760165
8.458458458458459    42.17588178993291
8.468468468468469    42.457791515476536
8.478478478478479    42.766111971117404
8.488488488488489    40.075754148792285
8.498498498498499    42.42278521134452
8.508508508508509    41.668163636058075
8.518518518518519    42.53175332375171
8.528528528528529    42.459933066703705
8.538538538538539    44.079534214144985
8.548548548548549    41.34798272502908
8.558558558558559    44.3901700844783
8.568568568568569    41.680252103469755
8.578578578578579    41.329184883283475
8.588588588588589    42.990115287701514
8.598598598598599    43.34464402538137
8.608608608608609    41.96465611445699
8.618618618618619    43.52751893994753
8.62862862862863    43.508639969339484
8.63863863863864    42.772720027918155
8.64864864864865    41.229700768998796
8.65865865865866    43.296986766101185
8.66866866866867    45.886571018700735
8.67867867867868    42.590089982213286
8.68868868868869    42.027516359357705
8.6986986986987    41.716001426694994
8.70870870870871    41.274528697694294
8.71871871871872    43.720883958373975
8.72872872872873    41.914674203056656
8.73873873873874    42.258399840974796
8.74874874874875    40.16748445610886
8.75875875875876    43.40570380761456
8.76876876876877    42.90211111376638
8.77877877877878    42.53478535048147
8.78878878878879    43.20132323125178
8.7987987987988    49.408041175390395
8.80880880880881    43.98090414645778
8.81881881881882    45.58787893445544
8.82882882882883    44.21412586162835
8.83883883883884    42.672064112472235
8.84884884884885    44.72106367691748
8.85885885885886    45.257000778196726
8.86886886886887    44.99776496994606
8.87887887887888    43.0771309081669
8.88888888888889    44.31806713444875
8.8988988988989    44.193272430635126
8.90890890890891    44.198312975664734
8.91891891891892    45.54210747906185
8.92892892892893    45.53271118412642
8.93893893893894    47.191588640242024
8.94894894894895    45.13569286621222
8.95895895895896    40.826065187763966
8.96896896896897    45.00963765675123
8.97897897897898    43.19008876295216
8.98898898898899    48.263488983669546
8.998998998999    47.410890542470014
9.00900900900901    47.48817746722637
9.01901901901902    44.46558650288004
9.02902902902903    44.707376604471996
9.03903903903904    45.146411468563066
9.04904904904905    44.64179287897171
9.05905905905906    44.403053034882944
9.06906906906907    45.577477862406035
9.07907907907908    45.089675359985904
9.08908908908909    47.43810449398684
9.0990990990991    44.53229539515039
9.10910910910911    45.22717078071857
9.11911911911912    42.09886096587395
9.12912912912913    46.66075415448375
9.13913913913914    45.57947882382344
9.14914914914915    44.64751085135519
9.15915915915916    45.62398586940476
9.16916916916917    49.46355283549449
9.17917917917918    46.70722362036741
9.18918918918919    46.65302859626588
9.1991991991992    41.48807400741289
9.20920920920921    48.14102772076865
9.21921921921922    45.885047260080775
9.22922922922923    42.77109574153893
9.23923923923924    46.17108748549891
9.24924924924925    43.297893226516564
9.25925925925926    47.62865623575261
9.26926926926927    45.474136905134586
9.27927927927928    47.51004177045759
9.28928928928929    46.779936017225545
9.2992992992993    45.89106250016301
9.30930930930931    49.099957875004655
9.31931931931932    44.275734858539955
9.32932932932933    48.08035245529421
9.33933933933934    50.07397540002008
9.34934934934935    43.428386306823654
9.35935935935936    43.887967352086804
9.36936936936937    46.9713147775433
9.37937937937938    44.708070151866316
9.38938938938939    49.24380251275897
9.3993993993994    45.4141184081411
9.40940940940941    42.28111814943416
9.41941941941942    46.76266049327576
9.42942942942943    47.54432159380409
9.43943943943944    45.40910348418774
9.44944944944945    48.310524267749514
9.45945945945946    45.114889625449905
9.46946946946947    49.35773673407574
9.47947947947948    44.18068609237805
9.48948948948949    48.82152980430914
9.4994994994995    48.72147585763343
9.50950950950951    46.216438571160786
9.51951951951952    52.09226339638848
9.52952952952953    46.69620185571702
9.53953953953954    46.28912617553148
9.54954954954955    46.48000829306552
9.55955955955956    46.004086286440135
9.56956956956957    48.30470139365674
9.57957957957958    47.850397310055286
9.58958958958959    48.042508460418105
9.5995995995996    45.997527821071465
9.60960960960961    48.90366733957329
9.61961961961962    47.58307806458156
9.62962962962963    47.39506919373387
9.63963963963964    49.25180804223604
9.64964964964965    48.01190491139784
9.65965965965966    47.27556675795018
9.66966966966967    48.870989293788895
9.67967967967968    49.319709041874304
9.68968968968969    46.36418114896546
9.6996996996997    46.927878258563005
9.70970970970971    48.9515171095184
9.71971971971972    45.03988336760893
9.72972972972973    47.570792674896744
9.73973973973974    46.63033816544041
9.74974974974975    48.14831467671808
9.75975975975976    48.378149615297
9.76976976976977    49.14567446693324
9.77977977977978    47.89546055509727
9.78978978978979    45.013688199907264
9.7997997997998    47.53795441802885
9.80980980980981    49.19425219633285
9.81981981981982    50.67328465271371
9.82982982982983    50.918577800999
9.83983983983984    49.22362067876008
9.84984984984985    50.73889213939732
9.85985985985986    49.50175634990719
9.86986986986987    49.03109351910018
9.87987987987988    50.46603639313269
9.88988988988989    49.35570841305294
9.8998998998999    49.26285159407132
9.90990990990991    47.46996609974201
9.91991991991992    47.83970769825597
9.92992992992993    49.071521349018795
9.93993993993994    52.35912071012248
9.94994994994995    50.77983419745208
9.95995995995996    54.00030513412305
9.96996996996997    54.032354781451986
9.97997997997998    51.75971704520526
9.98998998998999    52.36633686539822
10.0    51.874304448246754
