# x (+/- 5) [deg]   y (+/- 1) [1]
0.000000000000000000e+00 1.753539853317470643e+00
1.894736842105263008e+01 4.397850693407882261e+00
3.789473684210526017e+01 4.204413746779486871e+00
5.684210526315789025e+01 3.538268229947524546e+00
7.578947368421052033e+01 7.735127216029775710e+00
9.473684210526315042e+01 3.980488153377676142e+00
1.136842105263157805e+02 4.539865570416705687e+00
1.326315789473684106e+02 3.109276789978869360e+00
1.515789473684210407e+02 4.566226495348715275e+00
1.705263157894736707e+02 2.273498844611637537e+00
1.894736842105263008e+02 4.269247761765020410e-01
2.084210526315789309e+02 -1.991268379933138766e-01
2.273684210526315610e+02 1.437386274199968228e-01
2.463157894736841911e+02 -1.043835852979517309e+00
2.652631578947368212e+02 -1.323632203753445813e+00
2.842105263157894797e+02 -1.511785829513769830e+00
3.031578947368420813e+02 -6.847017973509302857e-01
3.221052631578946830e+02 5.166613903123662421e-01
3.410526315789473415e+02 1.437084750783579778e+00
3.600000000000000000e+02 2.444525858094136694e+00
