#$SPEC_ID:
#No sample description was entered.
#$SPEC_REM:
#DET# 1
#DETDESC# MYON MCB 337
#AP# Maestro Version 6.06
#$DATE_MEA:
#02/21/2014 14:06:36
#$MEAS_TIM:
#241454 241455
#$DATA:
#0 511
0
0
55
305
381
303
320
316
324
317
337
302
308
318
293
267
260
293
206
251
226
220
261
216
236
215
228
209
221
215
187
187
173
200
187
175
200
178
146
142
160
150
139
142
136
143
110
118
125
123
123
115
119
112
98
122
117
123
111
98
109
111
97
103
97
92
90
102
104
90
77
88
79
60
75
87
70
65
73
83
77
70
67
54
67
55
56
69
61
39
57
55
57
46
54
54
43
54
46
51
44
54
35
59
33
40
39
30
38
31
44
47
37
38
33
31
30
24
31
26
28
22
34
34
34
31
30
27
24
24
18
29
33
18
24
22
26
22
18
18
18
17
22
17
16
20
20
22
16
22
21
21
21
13
18
11
14
16
17
15
17
21
13
15
15
12
19
15
13
13
11
16
19
11
14
8
10
10
8
13
16
13
5
10
10
12
12
9
16
7
8
5
9
11
6
11
8
8
9
11
9
14
8
12
10
8
6
5
6
10
3
10
5
15
7
8
6
9
11
9
5
3
4
7
7
5
6
6
8
7
