# Anna,Jan,Lea,Lukas,Julia
10.00 7.00 7.00 17.00 7.00
14.00 10.00 17.00 12.00 11.00
15.00 9.00 10.00 12.00 8.00
8.00 12.00 10.00 11.00 18.00
10.00 6.00 9.00 9.00 8.00
11.00 8.00 10.00 9.00 13.00
13.00 7.00 15.00 13.00 13.00
11.00 12.00 8.00 16.00 7.00
13.00 13.00 12.00 11.00 14.00
14.00 9.00 12.00 12.00 4.00
13.00 11.00 5.00 10.00 16.00
12.00 12.00 15.00 14.00 2.00
0.00 6.00 10.00 8.00 16.00
6.00 12.00 9.00 8.00 15.00
6.00 10.00 14.00 10.00 9.00
7.00 5.00 6.00 11.00 14.00
11.00 10.00 6.00 10.00 5.00
14.00 7.00 13.00 14.00 7.00
7.00 13.00 9.00 10.00 9.00
6.00 10.00 17.00 8.00 12.00
13.00 7.00 9.00 14.00 17.00
5.00 10.00 7.00 8.00 8.00
10.00 9.00 9.00 12.00 11.00
10.00 9.00 4.00 8.00 7.00
3.00 8.00 9.00 13.00 11.00
5.00 7.00 11.00 13.00 8.00
8.00 3.00 6.00 12.00 7.00
6.00 5.00 11.00 8.00 12.00
10.00 10.00 10.00 15.00 11.00
8.00 12.00 11.00 7.00 7.00
